 201071.97834823    ,
 -48981.191222571    ,  270369.99199381    
 -68377.744710031    ,  130641.46638924    ,  360503.24343023    
  91776.116747408    ,  7836.9905956113    , -68377.744710031    ,  201071.97834823    
 -7836.9905956113    , -28052.319204610    ,  20902.634622279    ,  48981.191222571    
  270369.99199381    ,
 -68377.744710031    , -20902.634622279    ,  247302.13257686    , -68377.744710031    
 -130641.46638924    ,  360503.24343023    
 -119499.07785170    ,  7836.9905956113    ,  10940.439153605    , -11324.719725132    
  48981.191222571    ,  10940.439153605    ,  201071.97834823    
 -7836.9905956113    , -238584.42423712    , -130641.46638924    ,  48981.191222571    
  55744.025220641    ,  20902.634622279    ,  48981.191222571    ,  270369.99199381    
 -10940.439153605    , -130641.46638924    , -327244.23636767    , -10940.439153605    
 -20902.634622279    , -221083.86586668    ,  68377.744710031    ,  130641.46638924    
  360503.24343023    ,
 -11324.719725132    , -48981.191222571    ,  10940.439153605    , -119499.07785170    
 -7836.9905956113    ,  10940.439153605    ,  91776.116747408    , -7836.9905956113    
  68377.744710031    ,  201071.97834823    
 -48981.191222571    ,  55744.025220641    , -20902.634622279    ,  7836.9905956113    
 -238584.42423712    ,  130641.46638924    ,  7836.9905956113    , -28052.319204610    
  20902.634622279    , -48981.191222571    ,  270369.99199381    
 -10940.439153605    ,  20902.634622279    , -221083.86586668    , -10940.439153605    
  130641.46638924    , -327244.23636767    ,  68377.744710031    , -20902.634622279    
  247302.13257686    ,  68377.744710031    , -130641.46638924    ,  360503.24343023    
  106014.83777382    , -7836.9905956113    , -5968.8475058777    , -2272.0135512794    
 -48981.191222571    , -5968.8475058777    , -187026.98653322    , -48981.191222571    
 -63406.153062304    , -78740.135208125    , -7836.9905956113    , -63406.153062304    
  176326.51330813    ,
  7836.9905956113    ,  224506.16684085    ,  121142.81992318    , -48981.191222571    
 -70232.920311866    , -11403.988156211    , -48981.191222571    , -254244.80372721    
 -121142.81992318    ,  7836.9905956113    ,  40494.283425503    ,  11403.988156211    
  48981.191222571    ,  245922.67145013    
  14540.557243339    ,  123763.13618968    ,  289714.79367450    ,  14540.557243339    
  27780.964821845    ,  182848.19673691    , -64777.626620298    , -123763.13618968    
 -319453.43056087    , -64777.626620298    , -27780.964821845    , -212586.83362327    
  59806.034972571    ,  114264.48972361    ,  293492.96294089    
 -2272.0135512794    ,  48981.191222571    , -5968.8475058777    ,  106014.83777382    
  7836.9905956113    , -5968.8475058777    , -78740.135208125    ,  7836.9905956113    
 -63406.153062304    , -187026.98653322    ,  48981.191222571    , -63406.153062304    
  66805.665310240    , -7836.9905956113    ,  59806.034972571    ,  176326.51330813    
  48981.191222571    , -70232.920311866    ,  11403.988156211    , -7836.9905956113    
  224506.16684085    , -121142.81992318    , -7836.9905956113    ,  40494.283425503    
 -11403.988156211    ,  48981.191222571    , -254244.80372721    ,  121142.81992318    
  7836.9905956113    , -53320.915138201    ,  18282.318355778    , -48981.191222571    
  245922.67145013    ,
  14540.557243339    , -27780.964821845    ,  182848.19673691    ,  14540.557243339    
 -123763.13618968    ,  289714.79367450    , -64777.626620298    ,  27780.964821845    
 -212586.83362327    , -64777.626620298    ,  123763.13618968    , -319453.43056087    
  59806.034972571    , -18282.318355778    ,  178879.39921431    ,  59806.034972571    
 -114264.48972361    ,  293492.96294089    
 -187026.98653322    ,  48981.191222571    ,  63406.153062304    , -78740.135208125    
  7836.9905956113    ,  63406.153062304    ,  106014.83777382    ,  7836.9905956113    
  5968.8475058777    , -2272.0135512794    ,  48981.191222571    ,  5968.8475058777    
 -94753.612811595    , -7836.9905956113    , -9568.9655956113    ,  13645.731712035    
 -48981.191222571    , -9568.9655956113    ,  176326.51330813    
  48981.191222571    , -254244.80372721    , -121142.81992318    , -7836.9905956113    
  40494.283425503    ,  11403.988156211    , -7836.9905956113    ,  224506.16684085    
  121142.81992318    ,  48981.191222571    , -70232.920311866    , -11403.988156211    
  7836.9905956113    , -214137.10369343    , -114264.48972361    , -48981.191222571    
  81012.621154232    ,  18282.318355778    , -48981.191222571    ,  245922.67145013    
  64777.626620298    , -123763.13618968    , -319453.43056087    ,  64777.626620298    
 -27780.964821845    , -212586.83362327    , -14540.557243339    ,  123763.13618968    
  289714.79367450    , -14540.557243339    ,  27780.964821845    ,  182848.19673691    
  9568.9655956113    , -114264.48972361    , -260233.95587834    ,  9568.9655956113    
 -18282.318355778    , -152661.13250414    , -59806.034972571    ,  114264.48972361    
  293492.96294089    ,
 -78740.135208125    , -7836.9905956113    ,  63406.153062304    , -187026.98653322    
 -48981.191222571    ,  63406.153062304    , -2272.0135512794    , -48981.191222571    
  5968.8475058777    ,  106014.83777382    , -7836.9905956113    ,  5968.8475058777    
  13645.731712035    ,  48981.191222571    , -9568.9655956113    , -94753.612811595    
  7836.9905956113    , -9568.9655956113    ,  66805.665310240    ,  7836.9905956113    
 -59806.034972571    ,  176326.51330813    
  7836.9905956113    ,  40494.283425503    , -11403.988156211    , -48981.191222571    
 -254244.80372721    ,  121142.81992318    , -48981.191222571    , -70232.920311866    
  11403.988156211    ,  7836.9905956113    ,  224506.16684085    , -121142.81992318    
  48981.191222571    ,  81012.621154232    , -18282.318355778    , -7836.9905956113    
 -214137.10369343    ,  114264.48972361    , -7836.9905956113    , -53320.915138201    
  18282.318355778    ,  48981.191222571    ,  245922.67145013    
  64777.626620298    ,  27780.964821845    , -212586.83362327    ,  64777.626620298    
  123763.13618968    , -319453.43056087    , -14540.557243339    , -27780.964821845    
  182848.19673691    , -14540.557243339    , -123763.13618968    ,  289714.79367450    
  9568.9655956113    ,  18282.318355778    , -152661.13250414    ,  9568.9655956113    
  114264.48972361    , -260233.95587834    , -59806.034972571    , -18282.318355778    
  178879.39921431    , -59806.034972571    , -114264.48972361    ,  293492.96294089