2.93625e-01
4.19464e-01
3.77518e-01
2.51678e-01
5.03357e-01
1.67786e-01
-2.93625e-01
-5.45303e-01
-2.09732e-01
-8.80874e-01
-9.22821e-01
-1.25839e-01
-1.67786e-01
-2.51678e-01
4.19464e-02
1.25839e-01
-2.09732e-01
-4.19464e-02
5.03357e-01
6.71142e-01
6.29196e-01
4.61410e-01
1.25839e-01
-1.25839e-01
-3.35571e-01
-4.19464e-01
-4.61410e-01
-3.35571e-01
-3.77518e-01
-2.93625e-01
-2.93625e-01
-4.19464e-01
-4.19464e-01
-1.25839e-01
2.93625e-01
5.03357e-01
4.61410e-01
3.77518e-01
2.09732e-01
-4.19464e-02
-1.67786e-01
5.03357e-01
6.71142e-01
-1.67786e-01
-4.61410e-01
0.00000e+00
-5.87250e-01
-4.61410e-01
-8.38928e-01
-4.61410e-01
-5.45303e-01
8.80874e-01
2.81041e+00
2.09732e-01
-1.21645e+00
8.38928e-02
1.67786e-01
-1.67786e-01
1.17450e+00
1.55202e+00
-9.22821e-01
-1.21645e+00
-1.09061e+00
0.00000e+00
6.71142e-01
2.93625e-01
-2.93625e-01
-8.38928e-01
-9.64767e-01
-3.77518e-01
3.35571e-01
4.61410e-01
2.09732e-01
-2.09732e-01
-4.61410e-01
2.09732e-01
-1.67786e+00
-1.67786e+00
2.30705e+00
1.42618e+00
-8.80874e-01
-5.87250e-01
3.35571e-01
-4.19464e-02
-1.25839e-01
6.29196e-01
3.35571e-01
-4.19464e-02
1.67786e-01
4.61410e-01
6.71142e-01
-1.67786e-01
-3.35571e-01
-2.93625e-01
3.35571e-01
1.67786e-01
-1.67786e-01
4.19464e-02
1.67786e-01
0.00000e+00
8.38928e-02
-4.61410e-01
-7.13089e-01
0.00000e+00
1.67786e-01
-1.67786e-01
-3.35571e-01
-1.67786e-01
-2.51678e-01
-5.03357e-01
-2.09732e-01
3.35571e-01
-8.38928e-02
-2.93625e-01
-4.19464e-02
4.61410e-01
-2.13927e+00
-1.71980e+00
2.97819e+00
1.25839e+00
-1.34228e+00
3.77518e-01
1.17450e+00
-1.00671e+00
-9.22821e-01
1.71980e+00
9.64767e-01
-2.93625e-01
5.87250e-01
3.35571e-01
9.22821e-01
-4.61410e-01
-6.71142e-01
-4.61410e-01
-2.93625e-01
-4.19464e-01
-5.87250e-01
4.19464e-02
-8.38928e-01
-1.51007e+00
-1.25839e-01
1.67786e-01
3.77518e-01
5.45303e-01
2.51678e-01
2.51678e-01
3.77518e-01
5.03357e-01
5.87250e-01
1.00671e+00
1.67786e-01
-9.64767e-01
-1.25839e-01
3.77518e-01
-5.45303e-01
-3.77518e-01
-3.35571e-01
-7.55035e-01
-7.96982e-01
-5.03357e-01
1.25839e-01
4.19464e-01
1.25839e-01
-3.77518e-01
-4.19464e-02
4.19464e-01
-8.80874e-01
7.13089e-01
1.17450e+00
0.00000e+00
-5.03357e-01
-2.51678e-01
-8.38928e-02
-5.45303e-01
-1.25839e-01
4.19464e-02
-4.19464e-01
-5.03357e-01
4.19464e-02
4.61410e-01
5.45303e-01
1.67786e-01
3.35571e-01
5.03357e-01
8.38928e-02
2.09732e-01
5.03357e-01
1.25839e-01
-1.67786e-01
-4.19464e-02
-1.25839e-01
-4.19464e-01
-3.77518e-01
-2.09732e-01
-1.67786e-01
-2.93625e-01
-2.93625e-01
-1.67786e-01
-4.19464e-02
0.00000e+00
1.67786e-01
4.19464e-01
4.19464e-02
4.19464e-02
1.67786e-01
2.93625e-01
-4.19464e-02
6.29196e-01
0.00000e+00
-5.87250e-01
-3.35571e-01
4.19464e-02
4.19464e-02
1.25839e-01
2.51678e-01
4.19464e-02
-2.09732e-01
-1.25839e-01
2.51678e-01
4.61410e-01
3.77518e-01
-5.03357e-01
-4.61410e-01
4.19464e-02
4.19464e-02
-2.09732e-01
2.51678e-01
-8.38928e-02
-2.30705e+00
-1.59396e+00
1.34228e+00
8.80874e-01
-7.13089e-01
-2.09732e-01
-3.77518e-01
-3.35571e-01
-1.76175e+00
1.42618e+00
1.97148e+00
-3.77518e-01
-7.13089e-01
9.22821e-01
8.80874e-01
-5.45303e-01
7.13089e-01
2.26511e+00
8.80874e-01
-8.80874e-01
-8.38928e-01
-7.55035e-01
-2.51678e-01
4.61410e-01
2.93625e-01
-3.77518e-01
-1.51007e+00
-1.55202e+00
-2.51678e-01
1.30034e+00
2.43289e+00
1.38423e+00
-2.47484e+00
-7.00505e+00
-2.43289e+00
5.11746e+00
3.64934e+00
-1.67786e-01
-1.51007e+00
-1.21645e+00
-7.96982e-01
5.03357e-01
2.68457e+00
1.80370e+00
-1.67786e-01
-1.97148e+00
-6.29196e-01
6.29196e-01
1.13255e+00
1.09061e+00
-1.04866e+00
-1.25839e+00
-1.13255e+00
-7.96982e-01
4.19464e-02
7.96982e-01
2.51678e-01
-7.13089e-01
-8.38928e-01
8.38928e-02
7.13089e-01
9.22821e-01
1.00671e+00
1.25839e-01
-1.25839e-01
-1.25839e-01
8.38928e-02
4.61410e-01
2.09732e-01
-5.45303e-01
-1.04866e+00
-6.29196e-01
-8.38928e-02
8.38928e-02
-1.67786e-01
-2.51678e-01
-8.38928e-02
1.25839e-01
5.45303e-01
3.77518e-01
3.35571e-01
-1.67786e-01
7.55035e-01
9.22821e-01
2.93625e-01
1.92953e+00
-1.21645e+00
-1.59396e+00
4.19464e-01
-8.38928e-02
-1.17450e+00
-5.45303e-01
5.87250e-01
-6.71142e-01
-1.42618e+00
1.25839e-01
-4.19464e-02
-1.17450e+00
6.71142e-01
8.80874e-01
2.93625e-01
1.67786e-01
3.77518e-01
4.61410e-01
3.35571e-01
2.93625e-01
1.25839e-01
-2.51678e-01
-5.03357e-01
-4.19464e-01
-6.71142e-01
-6.29196e-01
-4.19464e-01
-3.77518e-01
-8.38928e-02
-1.67786e-01
-4.19464e-02
1.67786e-01
3.77518e-01
5.45303e-01
7.13089e-01
8.80874e-01
7.96982e-01
5.03357e-01
-4.19464e-02
-2.93625e-01
-1.67786e-01
-2.09732e-01
-3.35571e-01
-5.03357e-01
-6.29196e-01
-8.80874e-01
-1.25839e+00
-9.22821e-01
-2.93625e-01
8.38928e-02
2.09732e-01
4.19464e-02
5.87250e-01
7.55035e-01
2.51678e-01
2.93625e-01
8.80874e-01
6.71142e-01
2.51678e-01
-4.19464e-02
5.45303e-01
-4.19464e-02
-7.13089e-01
-2.09732e-01
-5.03357e-01
-7.13089e-01
-2.09732e-01
1.67786e+00
3.35571e-01
-8.38928e-01
-2.51678e-01
-1.25839e-01
-2.51678e-01
4.19464e-01
6.71142e-01
8.38928e-02
0.00000e+00
-5.87250e-01
-6.29196e-01
-2.09732e-01
4.19464e-02
-1.67786e-01
-2.93625e-01
-5.03357e-01
-2.93625e-01
-6.29196e-01
-4.19464e-01
-2.09732e-01
-1.25839e-01
4.19464e-02
2.93625e-01
5.45303e-01
3.77518e-01
2.93625e-01
7.55035e-01
1.25839e-01
8.38928e-02
2.51678e-01
1.59396e+00
1.55202e+00
-1.30034e+00
-1.04866e+00
-8.38928e-02
-1.67786e-01
-3.77518e-01
4.19464e-01
-2.09732e-01
-1.09061e+00
-8.38928e-01
-1.67786e-01
1.67786e-01
4.19464e-02
2.09732e-01
-2.01343e+00
-5.03357e-01
1.76175e+00
1.21645e+00
5.45303e-01
-5.87250e-01
-4.19464e-01
-6.29196e-01
-2.51678e-01
1.67786e-01
3.35571e-01
-1.25839e-01
-5.45303e-01
-3.77518e-01
3.77518e-01
2.93625e-01
8.38928e-02
4.19464e-02
1.67786e-01
0.00000e+00
4.61410e-01
5.03357e-01
3.35571e-01
1.67786e-01
-2.09732e-01
1.34228e+00
8.80874e-01
-1.04866e+00
-7.96982e-01
-1.30034e+00
-9.64767e-01
-5.03357e-01
2.93625e-01
-4.19464e-02
1.67786e-01
-4.19464e-02
-2.51678e-01
-1.67786e-01
1.25839e-01
4.61410e-01
8.38928e-01
6.29196e-01
4.19464e-01
2.09732e-01
4.19464e-02
-2.09732e-01
-1.67786e-01
-1.25839e-01
-3.35571e-01
-4.61410e-01
-5.87250e-01
-4.61410e-01
-5.87250e-01
-6.71142e-01
-3.77518e-01
1.67786e-01
5.87250e-01
7.96982e-01
6.71142e-01
5.03357e-01
2.93625e-01
1.67786e-01
1.67786e-01
1.25839e-01
-8.38928e-02
-2.93625e-01
-5.03357e-01
-6.71142e-01
-8.38928e-01
-9.64767e-01
-7.96982e-01
-1.67786e-01
6.71142e-01
5.03357e-01
-8.38928e-02
-1.25839e-01
4.19464e-01
5.87250e-01
7.96982e-01
1.09061e+00
2.34900e+00
1.42618e+00
-1.63591e+00
-1.00671e+00
0.00000e+00
-5.87250e-01
-5.45303e-01
1.25839e-01
-4.61410e-01
-1.97148e+00
-1.13255e+00
-8.38928e-01
4.61410e-01
4.61410e-01
6.29196e-01
5.45303e-01
2.93625e-01
-2.51678e-01
3.35571e-01
1.00671e+00
6.29196e-01
1.25839e-01
-1.25839e-01
-2.51678e-01
-7.55035e-01
-4.19464e-01
-1.67786e-01
-2.09732e-01
-2.43289e+00
-1.38423e+00
1.30034e+00
7.13089e-01
7.13089e-01
4.61410e-01
4.61410e-01
-8.38928e-02
2.09732e-01
2.51678e-01
8.38928e-01
6.29196e-01
-4.19464e-02
-6.29196e-01
-4.61410e-01
-4.61410e-01
-6.71142e-01
-7.55035e-01
-3.77518e-01
-2.51678e-01
-1.25839e-01
2.09732e-01
1.67786e-01
4.19464e-01
3.35571e-01
2.09732e-01
1.67786e-01
4.19464e-01
5.45303e-01
4.19464e-01
8.38928e-02
-2.09732e-01
8.38928e-02
-2.09732e-01
-1.67786e-01
4.19464e-02
4.19464e-02
0.00000e+00
0.00000e+00
-3.35571e-01
-6.71142e-01
-4.19464e-02
5.45303e-01
-6.71142e-01
-1.34228e+00
2.93625e-01
-1.67786e-01
0.00000e+00
5.03357e-01
4.19464e-02
-2.93625e-01
8.38928e-02
-1.67786e-01
5.87250e-01
1.71980e+00
2.01343e+00
-1.51007e+00
-8.38928e-01
3.35571e-01
-4.19464e-01
8.38928e-02
1.04866e+00
-5.45303e-01
-1.09061e+00
-9.22821e-01
-3.18793e+00
-1.17450e+00
3.43960e+00
5.03357e-01
-1.00671e+00
0.00000e+00
4.61410e-01
-5.45303e-01
5.03357e-01
2.09732e+00
7.13089e-01
-5.03357e-01
1.04866e+00
6.29196e-01
-8.38928e-01
-2.09732e-01
-7.55035e-01
-5.03357e-01
-4.61410e-01
-8.38928e-02
-4.19464e-02
4.19464e-02
-7.13089e-01
-7.96982e-01
1.67786e-01
5.45303e-01
4.19464e-02
-4.19464e-02
-2.93625e-01
3.35571e-01
1.25839e-01
-4.19464e-02
8.38928e-02
-1.67786e-01
-4.61410e-01
-1.67786e-01
1.25839e-01
-8.38928e-02
-2.93625e-01
8.38928e-02
4.19464e-02
-1.25839e-01
0.00000e+00
2.09732e-01
4.19464e-01
4.19464e-01
2.93625e-01
3.35571e-01
2.51678e-01
2.09732e-01
3.35571e-01
4.19464e-01
1.25839e-01
4.19464e-02
0.00000e+00
-1.67786e-01
-6.29196e-01
-5.45303e-01
-1.25839e-01
-8.38928e-02
-2.09732e-01
-3.35571e-01
-3.77518e-01
-5.03357e-01
-2.93625e-01
4.19464e-02
-1.25839e-01
-8.38928e-01
2.93625e-01
7.55035e-01
2.51678e-01
-1.25839e-01
-8.38928e-02
-1.25839e-01
-2.09732e-01
-4.19464e-02
2.93625e-01
2.51678e-01
1.25839e-01
-2.09732e-01
-4.19464e-01
-4.19464e-02
3.35571e-01
3.77518e-01
3.77518e-01
2.93625e-01
1.67786e-01
0.00000e+00
-1.67786e-01
4.19464e-02
2.09732e-01
1.25839e-01
0.00000e+00
-1.25839e-01
-1.67786e-01
-2.51678e-01
-2.93625e-01
-5.03357e-01
-5.45303e-01
0.00000e+00
2.51678e-01
-1.67786e-01
-1.25839e-01
-4.19464e-02
4.19464e-02
-1.88759e+00
-1.13255e+00
1.84564e+00
3.35571e-01
-2.51678e-01
1.67786e-01
8.38928e-01
-8.38928e-02
-7.13089e-01
1.51007e+00
1.30034e+00
5.87250e-01
4.19464e-02
-2.93625e-01
-8.38928e-01
-3.35571e-01
-5.45303e-01
-9.22821e-01
0.00000e+00
-4.61410e-01
-6.29196e-01
-1.25839e-01
-2.09732e-01
2.51678e-01
8.38928e-02
2.09732e-01
4.61410e-01
1.30034e+00
1.42618e+00
5.03357e-01
-1.67786e-01
-6.71142e-01
-2.93625e-01
-8.38928e-02
-1.13255e+00
-3.35571e-01
-5.87250e-01
-7.55035e-01
-6.71142e-01
-2.09732e-01
1.67786e-01
8.38928e-02
-1.67786e-01
1.25839e-01
1.63591e+00
2.85236e+00
5.87250e-01
-1.04866e+00
4.61410e-01
-4.19464e-02
-2.93625e-01
3.77518e-01
2.93625e-01
-1.00671e+00
-1.46812e+00
-1.42618e+00
-6.71142e-01
-2.26511e+00
-1.38423e+00
1.71980e+00
6.29196e-01
-3.35571e-01
4.61410e-01
9.64767e-01
5.45303e-01
7.96982e-01
8.38928e-01
6.71142e-01
4.19464e-01
2.09732e-01
-1.67786e-01
-1.25839e-01
-2.93625e-01
-4.19464e-01
-3.77518e-01
0.00000e+00
-4.19464e-02
-2.51678e-01
-5.45303e-01
-8.38928e-01
3.35571e-01
4.19464e-01
3.35571e-01
6.29196e-01
3.35571e-01
-2.51678e-01
-2.93625e-01
4.19464e-02
-1.97148e+00
-1.25839e+00
1.30034e+00
4.19464e-02
-7.13089e-01
-2.51678e-01
3.35571e-01
-4.61410e-01
-6.29196e-01
7.55035e-01
9.22821e-01
2.93625e-01
2.09732e-01
4.61410e-01
4.19464e-01
2.09732e-01
3.35571e-01
2.93625e-01
-4.19464e-02
-2.93625e-01
1.42618e+00
2.51678e-01
-1.38423e+00
-4.19464e-01
-6.71142e-01
-2.93625e-01
0.00000e+00
6.71142e-01
1.67786e-01
-2.51678e-01
-8.38928e-01
-4.19464e-01
1.25839e-01
1.25839e-01
-8.38928e-02
-1.67786e-01
-3.77518e-01
-2.09732e-01
-2.09732e-01
1.67786e-01
-4.19464e-02
-1.34228e+00
3.77518e-01
8.38928e-01
3.35571e-01
4.19464e-02
2.93625e-01
1.25839e-01
-2.51678e-01
8.38928e-02
2.93625e-01
4.19464e-01
3.35571e-01
-8.38928e-02
-4.19464e-01
-3.77518e-01
-1.67786e-01
1.25839e-01
2.09732e-01
8.38928e-02
-8.38928e-02
-8.38928e-02
-2.09732e-01
-6.29196e-01
-2.09732e-01
4.19464e-01
1.67786e-01
-1.67786e-01
1.25839e-01
0.00000e+00
-4.19464e-01
-2.93625e-01
2.09732e-01
-8.38928e-02
-3.35571e+00
-3.77518e-01
3.77518e+00
-4.19464e-02
-1.76175e+00
1.13255e+00
1.25839e+00
-1.80370e+00
7.96982e-01
2.22316e+00
1.59396e+00
2.93625e-01
-9.64767e-01
-1.25839e+00
-7.55035e-01
-9.64767e-01
-3.77518e-01
8.38928e-01
4.19464e-01
-1.67786e+00
-1.09061e+00
6.71142e-01
-3.35571e-01
-4.19464e-01
9.22821e-01
9.22821e-01
-8.38928e-02
2.51678e-01
7.96982e-01
2.64262e+00
5.87250e-01
-1.51007e+00
-1.09061e+00
-1.09061e+00
1.67786e-01
-6.29196e-01
1.25839e-01
-4.19464e-01
-1.21645e+00
-6.29196e-01
3.35571e-01
5.87250e-01
8.38928e-01
5.87250e-01
-8.38928e-02
2.51678e-01
5.45303e-01
3.77518e-01
4.61410e-01
2.93625e-01
-4.19464e-02
-2.51678e-01
-5.03357e-01
-7.55035e-01
-7.96982e-01
-3.35571e-01
-1.67786e-01
-8.38928e-02
0.00000e+00
1.67786e-01
2.93625e-01
3.35571e-01
3.35571e-01
2.93625e-01
2.93625e-01
1.25839e-01
0.00000e+00
-8.38928e-02
-3.77518e-01
-6.71142e-01
-5.45303e-01
-3.35571e-01
-1.67786e-01
-1.67786e-01
-1.67786e-01
-2.51678e-01
-3.35571e-01
-8.38928e-02
2.51678e-01
2.93625e-01
3.35571e-01
2.51678e-01
2.51678e-01
6.29196e-01
5.87250e-01
-2.51678e-01
-4.19464e-01
-8.38928e-02
8.38928e-02
-1.25839e-01
8.38928e-02
-4.19464e-02
1.25839e+00
8.38928e-01
-8.38928e-01
-8.38928e-02
-5.45303e-01
-3.35571e-01
-2.09732e-01
4.61410e-01
2.51678e-01
-4.19464e-01
-8.80874e-01
-7.13089e-01
4.19464e-02
4.61410e-01
2.93625e-01
-1.25839e-01
-3.35571e-01
-2.09732e-01
-3.35571e-01
0.00000e+00
2.93625e-01
2.93625e-01
-5.03357e-01
-1.38423e+00
7.55035e-01
9.64767e-01
3.77518e-01
-8.38928e-02
8.38928e-02
4.19464e-02
8.38928e-02
2.51678e-01
8.38928e-02
2.09732e-01
4.19464e-02
-2.93625e-01
-8.38928e-02
8.38928e-02
-2.09732e-01
-4.19464e-01
-3.77518e-01
-2.09732e-01
-3.35571e-01
-2.93625e-01
2.51678e-01
0.00000e+00
-2.51678e-01
8.38928e-02
2.51678e-01
-4.19464e-02
4.19464e-02
1.67786e-01
8.38928e-02
-2.51678e-01
-8.38928e-02
-2.60068e+00
-1.46812e+00
3.27182e+00
1.00671e+00
-1.80370e+00
-2.09732e-01
1.63591e+00
-7.96982e-01
-9.64767e-01
1.84564e+00
1.46812e+00
-5.03357e-01
-2.09732e-01
7.55035e-01
4.19464e-02
-5.03357e-01
1.67786e-01
4.19464e-02
-1.04866e+00
-1.63591e+00
5.87250e-01
2.81041e+00
-1.34228e+00
-1.97148e+00
1.38423e+00
-3.77518e-01
-9.22821e-01
1.76175e+00
2.13927e+00
6.29196e-01
-1.34228e+00
-4.61410e-01
-1.17450e+00
-3.77518e-01
1.38423e+00
-9.64767e-01
-1.59396e+00
-1.88759e+00
5.87250e-01
6.29196e-01
4.61410e-01
0.00000e+00
6.29196e-01
-7.96982e-01
3.77518e-01
1.84564e+00
9.64767e-01
4.61410e-01
-2.93625e-01
-6.71142e-01
-7.13089e-01
8.38928e-02
-4.19464e-02
-8.38928e-02
-5.87250e-01
-5.45303e-01
-5.87250e-01
-2.09732e-01
-4.19464e-02
3.77518e-01
6.71142e-01
8.38928e-02
8.38928e-02
1.25839e-01
8.38928e-01
4.61410e-01
3.35571e-01
-6.29196e-01
-1.34228e+00
-1.67786e+00
-4.19464e-02
9.22821e-01
8.38928e-02
-8.80874e-01
-1.25839e-01
8.38928e-01
5.87250e-01
7.55035e-01
-1.67786e-01
0.00000e+00
4.61410e-01
5.03357e-01
2.09732e-01
4.19464e-01
-1.25839e-01
-7.96982e-01
-7.96982e-01
-5.03357e-01
-3.77518e-01
-2.93625e-01
-2.93625e-01
-5.03357e-01
-1.25839e-01
-3.77518e-01
-1.21645e+00
1.00671e+00
1.63591e+00
7.13089e-01
-1.67786e-01
-4.19464e-01
-3.35571e-01
-4.19464e-02
-1.25839e-01
1.67786e-01
2.93625e-01
-2.09732e-01
-6.29196e-01
-1.67786e-01
2.09732e-01
-4.19464e-02
-4.19464e-02
8.38928e-02
2.09732e-01
1.67786e-01
3.77518e-01
3.77518e-01
2.09732e-01
-4.19464e-02
7.96982e-01
2.51678e-01
1.67786e-01
-7.96982e-01
-1.21645e+00
-1.04866e+00
3.77518e-01
1.04866e+00
-5.45303e-01
-7.55035e-01
0.00000e+00
-4.19464e-02
-3.35571e-01
4.61410e-01
7.13089e-01
-7.13089e-01
-3.56544e+00
2.64262e+00
5.95639e+00
0.00000e+00
-3.14598e+00
-7.55035e-01
-1.76175e+00
-1.42618e+00
4.82384e+00
4.40437e+00
-2.05537e+00
-2.13927e+00
-4.61410e-01
-1.25839e+00
-8.80874e-01
-4.61410e-01
1.00671e+00
8.80874e-01
-1.59396e+00
-2.93625e-01
7.96982e-01
-4.61410e-01
1.67786e-01
7.13089e-01
4.19464e-02
-8.80874e-01
-5.03357e-01
4.19464e-01
3.77518e-01
-2.51678e-01
-5.45303e-01
-3.77518e-01
-2.51678e-01
1.25839e-01
5.87250e-01
1.67786e-01
-1.30034e+00
-5.03357e-01
1.46812e+00
-1.34228e+00
3.35571e-01
1.55202e+00
4.61410e-01
-6.71142e-01
-8.38928e-02
8.80874e-01
-8.38928e-02
2.93625e-01
3.35571e-01
-7.55035e-01
-2.09732e-01
2.51678e-01
-4.19464e-01
-4.19464e-01
3.77518e-01
-4.19464e-01
1.25839e-01
-2.01343e+00
-1.34228e+00
5.57887e+00
1.76175e+00
-8.30539e+00
-2.68457e+00
4.15269e+00
5.32719e+00
-2.09732e-01
-3.77518e-01
2.93625e-01
3.77518e-01
-1.38423e+00
-3.81712e+00
-7.21478e+00
3.18793e+00
7.25673e+00
-1.30034e+00
-3.64934e+00
5.87250e-01
2.09732e-01
-7.13089e-01
1.38423e+00
1.46812e+00
5.87250e-01
-5.87250e-01
-2.51678e-01
6.29196e-01
3.35571e-01
3.77518e-01
1.25839e-01
-4.61410e-01
-9.64767e-01
-3.64934e+00
-1.34228e+00
5.36914e+00
1.88759e+00
-4.19464e-01
5.03357e-01
-1.55202e+00
-1.09061e+00
4.19464e-01
1.59396e+00
1.00671e+00
-2.93625e+00
-1.71980e+00
1.71980e+00
1.13255e+00
2.47484e+00
1.09061e+00
-4.19464e-01
-2.18121e+00
-1.76175e+00
-4.19464e-01
2.09732e-01
-1.04866e+00
-1.25839e+00
7.13089e-01
-1.21645e+00
-2.30705e+00
4.19464e-01
3.43960e+00
1.55202e+00
-1.67786e-01
4.61410e-01
5.87250e-01
0.00000e+00
2.26511e+00
2.34900e+00
-5.87250e-01
-2.26511e+00
-5.03357e-01
-1.46812e+00
1.92953e+00
1.88759e+00
-2.34900e+00
-3.14598e+00
-2.51678e+00
-9.22821e-01
1.42618e+00
-7.96982e-01
-1.97148e+00
2.39094e+00
1.13255e+00
-1.67786e-01
9.22821e-01
1.71980e+00
-2.09732e-01
-1.67786e-01
1.42618e+00
1.67786e+00
-5.45303e-01
-8.38928e-01
-2.09732e-01
-1.46812e+00
-1.09061e+00
-4.19464e-02
1.59396e+00
7.55035e-01
-5.03357e-01
-5.03357e-01
-7.96982e-01
-3.77518e-01
6.71142e-01
1.04866e+00
6.29196e-01
-7.13089e-01
-1.13255e+00
-5.87250e-01
1.25839e-01
8.38928e-02
8.38928e-02
-7.13089e-01
-2.72652e+00
2.09732e-01
-9.22821e-01
-2.09732e-01
2.60068e+00
4.61410e-01
-1.59396e+00
4.19464e-02
1.80370e+00
6.71142e-01
6.71142e-01
9.64767e-01
1.67786e-01
-3.35571e-01
3.77518e-01
2.51678e-01
8.38928e-02
-5.03357e-01
-4.19464e-01
-9.22821e-01
4.19464e-02
3.77518e-01
7.55035e-01
6.29196e-01
-2.68457e+00
-9.22821e-01
7.55035e-01
7.13089e-01
-5.87250e-01
8.38928e-01
4.19464e-02
1.71980e+00
6.58558e+00
-1.01930e+01
-1.19128e+01
7.67619e+00
7.71814e+00
-1.17450e+00
-2.76846e+00
4.19464e-02
4.19464e-02
1.84564e+00
7.96982e-01
-6.71142e-01
-5.45303e-01
2.93625e-01
2.51678e-01
-6.29196e-01
1.25839e+00
-3.35571e-01
-1.67786e-01
-3.35571e-01
-1.21645e+00
-2.51678e-01
5.03357e-01
1.09061e+00
-3.35571e-01
-7.55035e-01
-6.29196e-01
-3.35571e-01
7.13089e-01
-8.38928e-02
-2.93625e-01
-2.09732e-01
-1.67786e-01
-1.09061e+00
-5.45303e-01
1.25839e+00
2.09732e-01
2.09732e-01
-7.13089e-01
0.00000e+00
5.87250e-01
7.13089e-01
2.93625e-01
-3.35571e-01
1.46812e+00
-1.55202e+00
5.87250e-01
1.59396e+00
-1.17450e+00
-6.71142e-01
-8.80874e-01
-4.19464e-02
0.00000e+00
5.03357e-01
-3.77518e-01
-4.19464e-01
-6.29196e-01
-1.67786e-01
3.77518e-01
2.09732e-01
2.09732e-01
1.67786e-01
3.77518e-01
4.61410e-01
1.00671e+00
-5.87250e-01
-7.96982e-01
0.00000e+00
8.38928e-01
-4.19464e-01
-2.93625e-01
0.00000e+00
-1.67786e-01
-5.45303e-01
-3.35571e-01
2.51678e-01
2.93625e-01
-2.09732e-01
-9.22821e-01
6.29196e-01
2.05537e+00
2.93625e-01
3.35571e-01
-7.96982e-01
-5.03357e-01
1.67786e-01
-1.09061e+00
8.38928e-01
7.55035e-01
-7.13089e-01
-5.45303e-01
-9.64767e-01
-3.77518e-01
1.67786e-01
-2.09732e-01
-4.19464e-02
3.35571e-01
2.51678e-01
-2.51678e-01
-8.38928e-02
8.38928e-01
1.09061e+00
-5.45303e-01
-5.45303e-01
5.03357e-01
8.38928e-01
1.67786e-01
3.35571e-01
-2.51678e-01
-5.45303e-01
-3.35571e-01
0.00000e+00
-8.38928e-02
-1.25839e-01
-9.64767e-01
-2.26511e+00
-4.61410e-01
1.46812e+00
8.38928e-01
-7.13089e-01
-1.00671e+00
0.00000e+00
0.00000e+00
4.19464e-02
9.64767e-01
3.35571e-01
4.19464e-02
1.34228e+00
3.35571e+00
9.22821e-01
-8.38928e-02
-5.87250e-01
-2.09732e+00
-9.64767e-01
-1.21645e+00
-1.88759e+00
1.55202e+00
1.46812e+00
-1.30034e+00
-1.21645e+00
-1.04866e+00
3.77518e-01
-2.26511e+00
-1.25839e-01
4.65605e+00
2.93625e-01
-1.59396e+00
1.71980e+00
7.55035e-01
-5.03357e-01
2.51678e-01
3.77518e-01
-1.00671e+00
-8.80874e-01
5.87250e-01
-7.55035e-01
-2.39094e+00
-3.35571e-01
-4.19464e-02
-4.19464e-02
2.93625e-01
8.38928e-01
-8.38928e-02
-8.38928e-02
6.71142e-01
5.03357e-01
1.80370e+00
2.09732e+00
1.51007e+00
-2.09732e+00
-8.80874e-01
-8.38928e-02
-1.25839e-01
-3.77518e-01
5.03357e-01
-1.30034e+00
-1.17450e+00
-2.18121e+00
5.03357e-01
1.42618e+00
1.25839e-01
1.59396e+00
-6.71142e-01
-4.65605e+00
5.87250e-01
1.80370e+00
2.60068e+00
1.88759e+00
-1.04866e+00
-1.13255e+00
-6.29196e-01
-1.04866e+00
-9.64767e-01
5.03357e-01
4.19464e-01
-5.45303e-01
-1.09061e+00
-8.80874e-01
7.13089e-01
4.61410e-01
1.67786e-01
3.35571e-01
-4.61410e-01
-1.25839e-01
5.87250e-01
5.03357e-01
5.03357e-01
8.38928e-02
-7.55035e-01
-1.46812e+00
1.76175e+00
2.85236e+00
-6.29196e-01
-1.59396e+00
8.38928e-01
-9.64767e-01
-8.38928e-02
4.27853e+00
2.93625e-01
-4.65605e+00
-8.80874e-01
1.00671e+00
5.45303e-01
-1.21645e+00
-1.88759e+00
4.61410e-01
-3.77518e-01
-4.19464e-02
8.80874e-01
4.19464e-01
-8.38928e-02
-3.77518e-01
1.76175e+00
7.55035e-01
-2.93625e-01
-6.71142e-01
-6.71142e-01
-1.67786e-01
-2.09732e-01
-4.19464e-02
6.71142e-01
2.93625e-01
-6.71142e-01
-2.93625e-01
3.77518e-01
-5.87250e-01
-6.71142e-01
7.96982e-01
1.09061e+00
-4.61410e-01
-7.55035e-01
5.03357e-01
1.38423e+00
6.71142e-01
2.51678e-01
-5.03357e-01
6.71142e-01
-7.96982e-01
-1.55202e+00
1.25839e-01
-4.19464e-02
-1.13255e+00
-3.35571e-01
1.67786e+00
3.77518e-01
-4.19464e-01
8.80874e-01
-1.17450e+00
-2.34900e+00
3.77518e-01
1.46812e+00
1.34228e+00
3.77518e-01
-7.13089e-01
-1.38423e+00
2.93625e-01
1.21645e+00
-4.19464e-02
5.45303e-01
4.61410e-01
-5.87250e-01
-1.21645e+00
2.30705e+00
9.64767e-01
-2.43289e+00
1.67786e-01
2.93625e-01
-8.80874e-01
-5.45303e-01
6.71142e-01
-2.93625e-01
-1.34228e+00
-3.94296e+00
2.09732e-01
4.11075e+00
2.09732e-01
-1.51007e+00
1.25839e-01
1.51007e+00
-1.42618e+00
8.38928e-01
3.90102e+00
1.88759e+00
-2.22316e+00
-1.17450e+00
0.00000e+00
-4.61410e-01
2.93625e-01
6.29196e-01
-5.45303e-01
-1.88759e+00
-1.34228e+00
-9.64767e-01
-4.19464e-02
-1.13255e+00
4.19464e-01
5.45303e-01
2.09732e-01
3.35571e-01
9.22821e-01
9.64767e-01
4.19464e-01
6.71142e-01
4.61410e-01
4.61410e-01
2.93625e-01
-3.77518e-01
-8.38928e-01
-5.03357e-01
-3.35571e-01
-7.13089e-01
-5.45303e-01
-4.19464e-02
-6.29196e-01
-3.35571e-01
-1.88759e+00
-1.46812e+00
2.64262e+00
1.55202e+00
-1.25839e-01
1.09061e+00
1.67786e+00
3.77518e-01
-1.51007e+00
2.51678e-01
1.09061e+00
-9.22821e-01
-2.51678e-01
1.67786e-01
-1.00671e+00
-1.00671e+00
1.63591e+00
-6.71142e-01
-3.35571e+00
-8.38928e-01
2.26511e+00
1.25839e-01
-1.51007e+00
1.25839e+00
1.71980e+00
5.03357e-01
5.03357e-01
6.71142e-01
8.38928e-01
1.34228e+00
1.63591e+00
-2.81041e+00
-4.90773e+00
-5.24330e+00
2.51678e-01
4.90773e+00
5.87250e-01
-2.26511e+00
-1.17450e+00
8.38928e-01
-1.25839e+00
-3.77518e-01
1.09061e+00
6.71142e-01
1.97148e+00
3.06209e+00
-1.97148e+00
-1.88759e+00
6.12417e+00
3.02014e+00
-1.97148e+00
-8.38928e-01
-2.22316e+00
-2.93625e+00
-1.46812e+00
1.88759e+00
1.71980e+00
-2.30705e+00
-1.38423e+00
5.03357e-01
-2.93625e-01
1.25839e-01
1.71980e+00
1.38423e+00
-8.38928e-01
-3.35571e+00
-2.09732e-01
3.39766e+00
8.38928e-01
1.55202e+00
2.55873e+00
-5.45303e-01
-3.06209e+00
1.46812e+00
1.34228e+00
-2.85236e+00
-1.88759e+00
2.93625e-01
4.61410e-01
-6.29196e-01
4.19464e-02
2.09732e-01
-6.29196e-01
-1.17450e+00
-3.90102e+00
3.22987e+00
2.01343e+00
1.42618e+00
1.09061e+00
-1.25839e+00
-1.67786e+00
4.61410e-01
2.22316e+00
4.19464e-01
-6.71142e-01
-1.21645e+00
-7.55035e-01
-9.64767e-01
-4.19464e-01
6.71142e-01
4.19464e-01
4.19464e-02
4.19464e-02
4.61410e-01
4.19464e-01
5.03357e-01
-4.19464e-01
-2.93625e-01
3.77518e-01
1.25839e-01
1.67786e-01
4.19464e-02
-8.38928e-02
-2.60068e+00
-3.02014e+00
2.34900e+00
1.55202e+00
-7.55035e-01
-7.55035e-01
-8.38928e-02
0.00000e+00
4.61410e-01
2.47484e+00
2.68457e+00
-2.22316e+00
-9.64767e-01
6.71142e-01
2.51678e-01
2.93625e-01
8.38928e-01
-5.03357e-01
-1.55202e+00
-1.17450e+00
-5.03357e-01
-7.13089e-01
-2.26511e+00
5.87250e-01
2.26511e+00
4.61410e-01
1.25839e-01
8.38928e-02
2.09732e-01
-2.09732e-01
7.13089e-01
4.61410e-01
-8.80874e-01
-3.35571e-01
-6.29196e-01
2.09732e-01
1.25839e-01
-8.80874e-01
-2.51678e-01
-2.09732e-01
-8.80874e-01
-1.25839e-01
8.38928e-01
2.93625e-01
-1.30034e+00
2.51678e-01
2.55873e+00
7.13089e-01
2.43289e+00
4.61410e-01
-3.52350e+00
-3.35571e-01
1.80370e+00
-4.19464e-02
-6.29196e-01
-7.96982e-01
0.00000e+00
8.38928e-02
-8.38928e-02
-3.35571e-01
-4.19464e-02
-2.93625e-01
-2.93625e-01
3.35571e-01
1.67786e-01
1.13255e+00
8.38928e-02
-4.19464e-01
5.03357e-01
-8.38928e-01
-1.04866e+00
5.03357e-01
-2.51678e-01
-2.34900e+00
-2.13927e+00
2.26511e+00
8.38928e-01
-1.00671e+00
3.77518e-01
8.80874e-01
-4.19464e-02
-4.61410e-01
1.17450e+00
1.67786e+00
2.51678e-01
5.03357e-01
2.60068e+00
-1.25839e-01
-2.76846e+00
-1.25839e-01
5.87250e-01
-1.13255e+00
-7.13089e-01
3.77518e-01
-9.64767e-01
-1.17450e+00
-2.93625e-01
-2.51678e-01
1.13255e+00
9.64767e-01
-2.43289e+00
-1.92953e+00
1.84564e+00
4.36243e+00
6.71142e-01
-1.88759e+00
-3.73323e+00
-1.76175e+00
3.10403e+00
2.93625e+00
3.77518e-01
2.51678e-01
5.45303e-01
2.13927e+00
-1.76175e+00
-8.43123e+00
3.35571e-01
-2.89430e+00
1.67786e+00
5.24330e+00
-1.67786e-01
-3.39766e+00
-5.87250e-01
3.43960e+00
-1.34228e+00
4.19464e-02
2.30705e+00
-1.25839e-01
-1.17450e+00
-4.19464e-02
-1.84564e+00
6.71142e-01
4.48826e+00
9.64767e-01
-7.55035e-01
-1.21645e+00
-2.47484e+00
-1.25839e+00
2.51678e+00
2.13927e+00
-1.00671e+00
1.09061e+00
-9.22821e-01
-2.30705e+00
4.19464e-02
4.19464e-01
1.67786e-01
2.93625e-01
-3.77518e-01
-3.77518e-01
-4.61410e-01
8.38928e-01
1.04866e+00
6.71142e-01
-4.19464e-02
-1.67786e+00
-4.61410e-01
7.96982e-01
8.38928e-01
-4.19464e-01
-7.13089e-01
2.09732e-01
-8.38928e-02
-3.77518e-01
-3.18793e+00
-1.25839e-01
2.97819e+00
-2.51678e-01
-2.51678e-01
5.45303e-01
-2.93625e-01
-5.45303e-01
5.87250e-01
8.38928e-01
-5.87250e-01
3.35571e-01
1.30034e+00
4.19464e-02
2.51678e-01
-8.80874e-01
-1.38423e+00
-2.09732e-01
1.67786e-01
4.19464e-02
-8.38928e-02
-1.67786e-01
-3.77518e-01
-2.81041e+00
-3.77518e+00
4.40437e+00
3.56544e+00
1.97148e+00
2.34900e+00
1.88759e+00
-3.77518e-01
-2.93625e+00
-1.30034e+00
-1.84564e+00
5.03357e-01
3.77518e-01
-4.61410e-01
7.13089e-01
1.17450e+00
-2.51678e-01
-8.38928e-01
-3.77518e-01
-5.45303e-01
-2.93625e-01
9.64767e-01
2.51678e-01
-1.17450e+00
-4.19464e-01
-3.02014e+00
-7.96982e-01
4.48826e+00
1.46812e+00
-1.67786e-01
-1.38423e+00
-7.55035e-01
7.13089e-01
-3.22987e+00
-5.03357e-01
3.98491e+00
7.55035e-01
-1.76175e+00
-1.30034e+00
2.93625e-01
-1.67786e-01
-2.93625e-01
3.77518e-01
1.00671e+00
4.61410e+00
2.60068e+00
4.15269e+00
-1.09061e+00
-7.88592e+00
-3.27182e+00
-9.52183e+00
-1.42618e+00
6.62753e+00
5.32719e+00
-1.46812e+00
-4.27853e+00
-8.80874e-01
2.30705e+00
2.51678e-01
-5.45303e-01
-1.67786e-01
1.88759e+00
1.13255e+00
1.25839e-01
7.55035e-01
7.55035e-01
5.87250e-01
3.77518e-01
-3.35571e-01
4.61410e-01
1.21645e+00
-2.13927e+00
-1.30034e+00
-7.13089e-01
-5.87250e-01
4.61410e-01
-9.64767e-01
-2.18121e+00
1.04866e+00
2.26511e+00
1.30034e+00
1.21645e+00
-1.59396e+00
-4.19464e-02
-2.93625e-01
8.38928e-02
7.96982e-01
-1.00671e+00
-7.13089e-01
-1.25839e-01
7.55035e-01
-1.67786e-01
-1.46812e+00
2.26511e+00
-2.93625e-01
-5.57887e+00
1.21645e+00
4.06880e+00
1.25839e+00
-1.25839e-01
1.42618e+00
1.67786e-01
-1.21645e+00
-1.67786e-01
-1.25839e-01
5.45303e-01
-4.19464e-02
-6.71142e-01
-9.64767e-01
-6.71142e-01
-7.55035e-01
-1.09061e+00
-1.67786e-01
-2.51678e-01
8.38928e-02
1.67786e-01
4.19464e-02
-8.38928e-02
5.45303e-01
1.17450e+00
1.38423e+00
9.64767e-01
1.42618e+00
-5.87250e-01
-2.51678e+00
4.61410e-01
1.42618e+00
6.71142e-01
-7.96982e-01
-3.77518e-01
3.98491e+00
7.04700e+00
-4.57216e+00
-1.25420e+01
-7.13089e+00
-8.01176e+00
8.34733e+00
1.20386e+01
-2.51678e-01
-4.73994e+00
2.93625e-01
2.39094e+00
-3.02014e+00
4.19464e-02
2.34900e+00
1.63591e+00
-2.51678e-01
-5.45303e-01
-8.38928e-01
9.22821e-01
1.88759e+00
1.17450e+00
-7.96982e-01
-8.38928e-01
-1.84564e+00
-8.80874e-01
1.59396e+00
5.03357e-01
-3.35571e-01
-4.19464e-01
1.38423e+00
-3.77518e-01
4.19464e-02
1.25839e-01
-2.93625e-01
0.00000e+00
-5.03357e-01
-6.71142e-01
-6.71142e-01
4.19464e-02
5.87250e-01
-3.77518e-01
-4.61410e-01
-3.35571e-01
-2.51678e-01
-1.25839e-01
4.61410e-01
5.03357e-01
-8.38928e-02
4.19464e-02
3.77518e-01
3.77518e-01
2.09732e-01
3.35571e-01
-2.93625e-01
-2.51678e-01
1.67786e-01
1.04866e+00
8.38928e-01
1.25839e-01
-7.96982e-01
-2.34900e+00
-5.41109e+00
2.55873e+00
8.80874e+00
4.61410e-01
-1.51007e+00
2.43289e+00
-2.72652e+00
-5.78860e+00
5.87250e-01
3.73323e+00
-1.17450e+00
-1.97148e+00
-2.51678e-01
-1.04866e+00
-2.34900e+00
1.30034e+00
1.30034e+00
4.19464e-01
3.77518e-01
-6.29196e-01
8.38928e-02
8.80874e-01
7.96982e-01
7.96982e-01
6.71142e-01
2.93625e-01
-4.19464e-02
2.51678e-01
-2.09732e-01
-9.22821e-01
-3.35571e-01
-2.93625e-01
-4.61410e-01
-2.51678e-01
3.35571e-01
-2.51678e-01
-8.38928e-01
-7.96982e-01
2.93625e-01
-8.38928e-02
4.90773e+00
-3.52350e+00
-6.87921e+00
2.51678e+00
4.82384e+00
2.30705e+00
2.51678e-01
-2.93625e+00
-3.35571e+00
-4.44632e+00
6.16612e+00
1.51846e+01
2.19380e+01
2.09732e-01
-1.62752e+01
-3.90102e+00
-1.68205e+01
-1.51007e+01
-4.94968e+00
-7.59230e+00
-5.83055e+00
9.01848e+00
2.23574e+01
3.94296e+00
-7.38257e+00
-4.27853e+00
4.65605e+00
5.45303e-01
-3.10403e+00
2.76846e+00
6.25001e+00
1.55202e+00
-2.97819e+00
6.71142e-01
1.63591e+00
-1.25839e-01
-4.61410e-01
1.55202e+00
-5.45303e-01
-2.22316e+00
-2.01343e+00
-1.38423e+00
-2.51678e-01
1.25839e-01
-2.01343e+00
-1.71980e+00
5.41109e+00
3.39766e+00
-2.51678e-01
-1.09061e+00
-4.19464e-02
5.03357e-01
-1.13255e+00
2.18121e+00
-2.30705e+00
-3.31377e+00
4.61410e-01
2.51678e+00
-8.38928e-01
-1.88759e+00
4.19464e-02
5.45303e-01
8.80874e-01
2.18121e+00
1.17450e+00
-1.80370e+00
-5.03357e-01
1.25839e-01
5.03357e-01
1.00671e+00
7.13089e-01
2.55873e+00
-8.38928e-01
-1.71980e+00
-5.03357e-01
-1.25839e-01
-1.04866e+00
-8.80874e-01
6.29196e-01
-1.46812e+00
-2.09732e+00
-3.22987e+00
-2.05537e+00
3.60739e+00
2.22316e+00
-1.04866e+00
-2.09732e-01
1.76175e+00
4.61410e-01
-5.45303e-01
1.84564e+00
4.48826e+00
2.09732e-01
-2.43289e+00
-4.19464e-01
0.00000e+00
-1.34228e+00
4.19464e-02
3.35571e-01
-8.80874e-01
-5.45303e-01
-8.80874e-01
-2.51678e-01
6.71142e-01
-1.67786e-01
-2.05537e+00
1.30034e+00
3.56544e+00
-1.67786e-01
4.19464e-01
-1.25839e-01
-2.05537e+00
-1.34228e+00
-1.34228e+00
1.13255e+00
1.09061e+00
-7.13089e-01
-9.22821e-01
5.87250e-01
-1.67786e-01
4.19464e-02
7.96982e-01
4.61410e-01
-1.67786e-01
2.51678e-01
2.09732e-01
2.93625e-01
7.13089e-01
3.77518e-01
-2.13927e+00
-2.34900e+00
7.96982e-01
2.51678e-01
5.87250e-01
2.51678e-01
0.00000e+00
-5.03357e-01
-2.93625e-01
1.25839e-01
7.55035e-01
1.04866e+00
1.25839e-01
-1.00671e+00
-9.22821e-01
-1.67786e-01
1.13255e+00
7.96982e-01
-1.25839e+00
-1.67786e+00
-1.97148e+00
1.71980e+00
3.22987e+00
-1.25839e-01
-1.04866e+00
1.30034e+00
-5.87250e-01
-2.72652e+00
2.09732e+00
1.34228e+00
1.34228e+00
2.85236e+00
-1.55202e+00
-3.73323e+00
-5.87250e-01
1.21645e+00
-4.19464e-02
7.96982e-01
-8.80874e-01
-2.60068e+00
-8.80874e-01
1.00671e+00
8.80874e-01
-1.09061e+00
8.80874e-01
-7.96982e-01
-1.17450e+00
1.84564e+00
1.00671e+00
-1.46812e+00
-1.04866e+00
-7.55035e-01
1.76175e+00
4.19464e-01
1.25839e-01
1.25839e-01
2.39094e+00
-3.77518e-01
-2.76846e+00
7.96982e-01
1.80370e+00
-6.29196e-01
-7.13089e-01
1.25839e-01
1.25839e-01
-1.04866e+00
-1.25839e-01
2.09732e-01
-1.25839e+00
4.19464e-02
1.71980e+00
-1.42618e+00
-2.60068e+00
5.03357e-01
1.71980e+00
-5.45303e-01
4.19464e-01
1.71980e+00
-7.55035e-01
3.35571e-01
-1.46812e+00
-2.09732e-01
2.72652e+00
-2.51678e-01
-1.51007e+00
1.67786e-01
-2.22316e+00
0.00000e+00
2.18121e+00
5.03357e-01
-1.63591e+00
-1.04866e+00
4.61410e-01
3.77518e-01
7.55035e-01
2.01343e+00
2.51678e-01
-4.61410e-01
-2.51678e-01
1.25839e-01
2.09732e-01
2.93625e-01
8.38928e-02
4.19464e-02
-5.45303e-01
-1.34228e+00
-7.96982e-01
-3.35571e-01
-2.51678e-01
2.51678e-01
-1.25839e-01
-1.76175e+00
-2.09732e-01
3.22987e+00
3.77518e+00
-1.97148e+00
-6.50169e+00
-2.72652e+00
2.97819e+00
2.76846e+00
1.42618e+00
-8.38928e-02
-6.29196e-01
-1.46812e+00
-1.76175e+00
-2.09732e-01
1.34228e+00
2.30705e+00
1.30034e+00
-6.16612e+00
8.38928e-02
7.80203e+00
3.18793e+00
-1.97148e+00
-1.13255e+00
-5.87250e-01
-4.65605e+00
-1.63591e+00
5.74666e+00
7.13089e-01
-4.23659e+00
-5.45303e-01
1.67786e+00
-2.13927e+00
-6.71142e-01
2.47484e+00
4.19464e-01
-2.09732e+00
-2.51678e-01
1.97148e+00
1.25839e-01
1.67786e-01
1.09061e+00
1.25839e-01
-7.13089e-01
-1.67786e-01
1.09061e+00
-2.09732e-01
-2.30705e+00
-2.09732e-01
3.18793e+00
1.25839e-01
-1.88759e+00
8.38928e-01
5.03357e-01
-1.46812e+00
-8.80874e-01
6.29196e-01
-2.93625e-01
5.03357e-01
6.29196e-01
0.00000e+00
-1.00671e+00
8.38928e-02
9.22821e-01
-2.51678e-01
-5.03357e-01
-3.35571e-01
-1.04866e+00
-1.17450e+00
1.67786e-01
3.77518e-01
-2.51678e-01
-1.67786e-01
1.67786e-01
5.03357e-01
6.71142e-01
7.96982e-01
6.29196e-01
3.35571e-01
-4.61410e-01
-8.38928e-02
7.96982e-01
8.38928e-02
-4.19464e-01
-8.38928e-02
-2.09732e-01
-7.96982e-01
-6.29196e-01
-2.51678e-01
-4.61410e-01
-4.61410e-01
0.00000e+00
-1.67786e-01
-8.38928e-02
2.93625e-01
2.51678e-01
3.35571e-01
3.77518e-01
2.51678e-01
0.00000e+00
-8.38928e-02
-1.25839e-01
-3.35571e-01
-5.03357e-01
-4.61410e-01
-4.19464e-01
-2.93625e-01
-1.67786e-01
-8.38928e-02
-4.19464e-02
-8.38928e-02
0.00000e+00
5.87250e-01
8.38928e-01
3.77518e-01
2.51678e-01
2.09732e-01
6.71142e-01
1.09061e+00
1.25839e+00
-1.67786e-01
-2.51678e-01
-1.17450e+00
-9.64767e-01
-3.35571e-01
1.67786e-01
-2.09732e-01
-8.38928e-01
-5.87250e-01
-3.77518e-01
-5.03357e-01
-1.25839e-01
4.61410e-01
4.19464e-01
-4.61410e-01
-2.60068e+00
6.29196e-01
2.68457e+00
7.13089e-01
1.17450e+00
7.96982e-01
-9.64767e-01
-2.30705e+00
4.19464e-01
1.00671e+00
4.19464e-01
2.09732e-01
-4.61410e-01
-1.42618e+00
1.67786e-01
6.29196e-01
-3.06209e+00
-3.35571e-01
1.92953e+00
1.63591e+00
-3.14598e+00
-1.09061e+00
1.13255e+00
4.19464e-02
7.55035e-01
1.17450e+00
5.45303e-01
-9.64767e-01
8.38928e-02
5.45303e-01
9.22821e-01
-2.30705e+00
-6.29196e-01
5.03357e-01
2.09732e+00
4.40437e+00
-1.25839e+00
-3.02014e+00
-1.67786e+00
-1.63591e+00
1.51007e+00
1.67786e-01
5.87250e-01
4.19464e-01
-2.93625e-01
8.38928e-02
-3.77518e-01
6.71142e-01
8.80874e-01
4.19464e-02
-2.51678e-01
-8.38928e-02
-5.87250e-01
-2.51678e-01
-4.19464e-02
6.71142e-01
-9.64767e-01
-2.64262e+00
-3.06209e+00
1.88759e+00
3.27182e+00
-1.04866e+00
-4.36243e+00
-3.81712e+00
2.89430e+00
-4.53021e+00
4.61410e+00
8.93458e+00
6.71142e-01
3.10403e+00
5.83055e+00
6.20807e+00
-7.25673e+00
-9.68962e+00
-3.31377e+00
1.55202e+00
3.27182e+00
-6.29196e-01
1.65688e+01
-1.29195e+01
-1.82467e+01
-8.34733e+00
-5.03357e-01
2.99917e+01
4.06880e+00
-5.83055e+00
-1.85823e+01
-1.76175e+00
1.13255e+01
2.26511e+00
7.55035e-01
-2.72652e+00
3.27182e+00
-4.44632e+00
-2.55873e+00
1.00671e+00
5.49498e+00
-9.22821e-01
-2.55873e+00
-2.05537e+00
8.38928e-01
-8.80874e-01
1.80370e+00
2.68457e+00
4.61410e-01
-1.25839e+00
-1.17450e+00
2.60068e+00
3.18793e+00
1.88759e+00
-3.10403e+00
-2.47484e+00
-5.87250e-01
2.93625e-01
8.38928e-01
1.17450e+00
-1.59396e+00
-2.34900e+00
-1.17450e+00
1.00671e+00
2.09732e-01
1.38423e+00
3.35571e-01
-1.80370e+00
-1.88759e+00
-4.19464e-02
2.13927e+00
1.46812e+00
-8.38928e-01
-2.51678e-01
-3.77518e-01
-1.38423e+00
-1.67786e-01
8.80874e-01
7.13089e-01
1.25839e-01
-4.61410e-01
1.25839e-01
8.38928e-02
4.19464e-01
3.35571e-01
2.93625e-01
4.19464e-02
-6.71142e-01
-7.13089e-01
-7.13089e-01
4.19464e-02
6.29196e-01
-3.35571e-01
-1.67786e-01
2.09732e-01
-2.09732e-01
-5.45303e-01
0.00000e+00
-8.38928e-02
3.77518e-01
4.19464e-01
5.87250e-01
-5.45303e-01
5.03357e-01
1.92953e+00
1.25839e+00
-4.61410e-01
-1.80370e+00
-1.97148e+00
-1.46812e+00
-1.67786e-01
1.88759e+00
1.09061e+00
-9.64767e-01
-7.96982e-01
-9.22821e-01
-1.25839e+00
1.51007e+00
2.51678e+00
2.51678e-01
-8.38928e-02
5.45303e-01
4.19464e-02
4.19464e-01
5.45303e-01
-7.42451e+00
-1.21645e+00
8.22149e+00
1.17450e+00
-8.38928e-02
3.06209e+00
1.92953e+00
-4.53021e+00
-2.89430e+00
-1.04866e+00
-1.09061e+00
1.34228e+00
-8.38928e-01
2.51678e-01
2.34900e+00
-7.96982e-01
-9.22821e-01
-1.80370e+00
-3.39766e+00
3.56544e+00
3.98491e+00
-3.35571e-01
-2.60068e+00
-1.04866e+00
-7.13089e-01
-1.04866e+00
3.02014e+00
4.94968e+00
-3.35571e+00
-4.02685e+00
1.76175e+00
1.71980e+00
7.55035e-01
-2.64262e+00
-1.84564e+00
-7.13089e-01
1.38423e+00
-4.69800e+00
7.13089e+00
9.35405e+00
1.24161e+01
6.16612e+00
-1.25000e+01
-8.17955e+00
-1.58977e+01
-1.64849e+01
-6.75337e+00
5.62082e+00
2.64682e+01
1.42618e+00
-7.71814e+00
-5.49498e+00
1.01091e+01
-2.93625e-01
-5.24330e+00
2.05537e+00
3.35571e+00
3.35571e+00
-1.21645e+00
-4.19464e-02
-4.19464e-02
2.93625e-01
-1.25839e+00
7.13089e-01
-1.59396e+00
-1.51007e+00
-1.97148e+00
-1.88759e+00
-4.61410e-01
-1.25839e-01
3.77518e-01
7.55035e-01
3.77518e-01
3.77518e-01
1.34228e+00
1.30034e+00
1.00671e+00
1.38423e+00
-7.96982e-01
1.09061e+00
-1.92953e+00
1.71980e+00
-4.90773e+00
-2.16024e+01
1.10319e+01
1.48490e+01
-1.08641e+01
-5.91444e+00
8.93458e+00
-8.51512e+00
8.30539e+00
1.53104e+01
-1.24161e+01
-6.29196e-01
3.43960e+00
1.29614e+01
8.55707e+00
1.34228e+00
-5.07551e+00
-9.64767e-01
-2.97819e+00
-6.12417e+00
-1.92953e+00
5.62082e+00
-3.22987e+00
-2.10571e+01
3.73323e+00
6.66948e+00
-6.12417e+00
1.67786e+00
1.20806e+01
1.59396e+00
-5.70471e+00
1.71980e+00
3.85907e+00
3.69128e+00
-8.80874e-01
-2.22316e+00
-5.45303e-01
-3.31377e+00
-2.89430e+00
-6.12417e+00
5.03357e-01
8.22149e+00
-8.17955e+00
-2.76846e+00
1.24161e+01
9.22821e-01
-2.18121e+00
4.69800e+00
7.55035e-01
-6.08223e+00
-6.29196e-01
3.43960e+00
1.67786e+00
4.61410e-01
-1.97148e+00
-2.76846e+00
-2.30705e+00
1.76175e+00
1.54782e+01
-1.97148e+00
-1.83306e+01
-1.25420e+01
-6.96310e+00
-1.84564e+00
2.93205e+01
2.22316e+01
8.85069e+00
-1.31712e+01
-1.22903e+01
-1.17869e+01
-8.22149e+00
-1.20386e+01
-1.34648e+01
4.19464e+00
1.86242e+01
2.71393e+01
1.67786e-01
-1.40520e+01
-6.87921e+00
-3.22987e+00
-1.30034e+00
8.13760e+00
4.15269e+00
8.80874e-01
-1.76175e+00
-3.85907e+00
8.38928e-01
-2.34900e+00
8.13760e+00
2.55873e+00
-5.28525e+00
-1.51007e+00
2.93625e-01
5.87250e-01
-5.45303e-01
4.06880e+00
-2.68457e+00
-3.85907e+00
1.80370e+00
-1.34228e+00
-1.30034e+00
2.97819e+00
1.04866e+00
-3.77518e-01
-1.71980e+00
-1.59396e+00
1.25839e-01
-1.67786e-01
-1.00671e+00
1.30034e+00
2.13927e+00
2.13927e+00
-2.93625e-01
-9.22821e-01
-2.22316e+00
1.04866e+00
4.61410e+00
1.46812e+00
-2.18121e+00
-2.93625e-01
-2.60068e+00
-4.90773e+00
1.67786e-01
4.94968e+00
2.64262e+00
-2.85236e+00
-1.55202e+00
6.71142e-01
4.19464e-01
-1.25839e-01
1.09061e+00
4.32048e+00
-4.99162e+00
-8.43123e+00
3.60739e+00
7.21478e+00
5.03357e-01
-2.01343e+00
-1.59396e+00
-1.97148e+00
-1.09061e+00
2.51678e+00
7.96982e-01
-9.64767e-01
-2.68457e+00
-1.67786e-01
1.67786e-01
-4.19464e-02
1.21645e+00
2.18121e+00
9.64767e-01
2.93625e-01
-4.19464e-01
-5.45303e-01
1.21645e+00
-2.93625e-01
8.38928e-01
3.85907e+00
4.19464e+00
-4.15269e+00
-1.02349e+01
-7.88592e+00
-2.13927e+00
1.24161e+01
2.97819e+00
-4.65605e+00
-2.47484e+00
2.51678e+00
-8.80874e-01
-1.92953e+00
2.64262e+00
2.97819e+00
0.00000e+00
-1.34228e+00
1.13255e+00
8.38928e-02
-1.51007e+00
-7.13089e-01
2.85236e+00
2.39094e+00
-1.63591e+00
-8.38928e-02
-2.30705e+00
-1.42618e+00
-1.34228e+00
2.97819e+00
-1.31292e+01
-6.25001e+00
1.62752e+01
3.52350e+00
-1.21645e+00
7.46646e+00
6.62753e+00
9.22821e-01
-1.17450e+00
5.83055e+00
-5.11746e+00
-1.00671e+01
-8.38928e+00
1.46812e+00
5.36914e+00
-3.69128e+00
-4.65605e+00
7.96982e-01
2.01343e+00
-3.77518e+00
-1.55202e+00
8.59901e+00
2.51678e+00
-1.92953e+00
1.00671e+00
2.09732e-01
-1.17450e+00
-2.51678e-01
2.43289e+00
1.34228e+00
-1.13255e+00
2.51678e-01
-3.18793e+00
-6.08223e+00
-8.80874e-01
4.94968e+00
1.17450e+00
-3.22987e+00
-1.46812e+00
3.35571e+00
5.45303e-01
1.42618e+00
2.93625e-01
-1.67786e-01
-2.05537e+00
-1.25839e-01
1.55202e+00
2.22316e+00
6.71142e-01
-6.71142e-01
-1.21645e+00
-1.42618e+00
4.19464e-02
9.64767e-01
1.30034e+00
2.68457e+00
9.01848e+00
1.00252e+01
-4.44632e+00
-9.31210e+00
-9.22821e+00
-1.08222e+01
-8.09566e+00
-7.34062e+00
-3.85907e+00
2.12249e+01
1.20386e+01
-5.53692e+00
-7.00505e+00
2.64262e+00
3.69128e+00
-5.62082e+00
9.22821e-01
3.60739e+00
-3.94296e+00
-2.85236e+00
7.71814e+00
7.63424e+00
-6.71142e-01
-3.35571e-01
-8.38928e-01
-2.22316e+00
-1.30034e+01
-2.60907e+01
2.14766e+01
7.76008e+00
-1.03608e+01
5.32719e+00
1.61913e+01
1.04866e+00
-2.64262e+00
1.03188e+01
9.77351e+00
-2.09732e-01
-4.90773e+00
-2.47484e+00
4.90773e+00
3.35571e-01
-1.84564e+00
-5.87250e+00
4.65605e+00
-1.68625e+01
-2.02182e+01
-1.17450e+00
-2.60068e+00
1.32551e+01
5.03357e+00
3.77518e+00
4.65605e+00
5.87250e-01
-4.61410e-01
-1.55202e+00
5.70471e+00
2.09732e+00
-2.89430e+00
-1.97148e+00
7.13089e-01
-3.77518e-01
-2.93625e+00
-2.68457e+00
-3.35571e-01
-1.25839e-01
-1.42618e+00
-4.19464e-02
2.97819e+00
-1.88759e+00
-1.46812e+00
3.73323e+00
2.18121e+00
1.25839e+00
-5.45303e-01
1.63591e+00
-8.80874e-01
-6.71142e-01
-5.95639e+00
-4.02685e+00
2.60068e+00
2.76846e+00
2.18121e+00
1.09480e+01
1.26678e+01
1.28775e+01
-1.66527e+01
-1.55621e+01
-7.13089e-01
-7.84398e+00
-6.33391e+00
-1.68625e+01
-8.59901e+00
-3.73323e+00
1.24161e+01
3.83390e+01
5.36914e+00
-1.50168e+01
-1.35487e+01
-4.61410e-01
7.13089e-01
5.87250e+00
3.56544e+00
-4.23659e+00
7.96982e-01
1.09061e+00
-2.47484e+00
1.38423e+00
2.81041e+00
1.17450e+00
-2.93625e-01
-2.47484e+00
3.31377e+00
-2.05537e+00
-3.35571e-01
1.71980e+00
-3.14598e+00
1.80370e+00
1.04866e+00
2.64262e+00
4.19464e-01
-2.51678e+00
-5.45303e-01
1.67786e-01
1.92953e+00
-8.38928e-01
2.05537e+00
-4.61410e-01
-3.22987e+00
-1.63591e+00
1.42618e+00
1.17450e+00
-1.13255e+00
1.80370e+00
-7.13089e-01
-1.04866e+00
-1.34228e+00
8.38928e-02
-7.55035e-01
2.93625e-01
1.25839e+00
0.00000e+00
-1.67786e-01
-2.09732e-01
5.03357e-01
-5.45303e-01
3.35571e-01
1.38423e+00
1.25839e-01
3.35571e-01
8.38928e-02
6.71142e-01
1.92953e+00
-2.93625e-01
-1.21645e+00
-6.71142e-01
-1.67786e-01
-8.38928e-01
-8.38928e-01
4.61410e-01
2.09732e-01
-9.64767e-01
-1.21645e+00
-7.13089e-01
-1.09061e+00
-2.39094e+00
1.04866e+00
3.73323e+00
4.32048e+00
4.19464e-01
-4.53021e+00
-2.09732e+00
3.77518e-01
5.87250e-01
2.05537e+00
1.63591e+00
2.09732e-01
-2.97819e+00
-1.21645e+00
-6.71142e-01
1.25839e-01
8.80874e-01
8.38928e-02
-3.35571e-01
1.92953e+00
2.72652e+00
-1.51007e+00
-5.87250e-01
1.25839e+00
-2.09732e-01
-1.63591e+00
3.77518e-01
4.61410e-01
-4.61410e-01
-1.09061e+00
-5.45303e-01
1.71980e+00
-3.35571e-01
-5.41109e+00
-2.51678e+00
3.81712e+00
2.22316e+00
1.25839e-01
7.13089e-01
-3.14598e+00
1.25839e-01
1.34228e+00
1.09061e+00
6.71142e-01
1.13255e+00
3.77518e-01
5.03357e-01
-3.77518e-01
-2.13927e+00
-2.09732e-01
5.87250e-01
8.38928e-02
2.22316e+00
-8.80874e-01
-4.94968e+00
-3.94296e+00
1.92953e+00
3.56544e+00
2.93625e-01
-1.21645e+00
-5.45303e-01
2.93625e-01
-6.29196e-01
7.55035e-01
1.59396e+00
2.09732e-01
-4.19464e-02
6.71142e-01
6.71142e-01
-3.35571e-01
-2.22316e+00
-9.22821e-01
1.38423e+00
3.98491e+00
2.09732e-01
-2.13927e+00
-1.84564e+00
-4.19464e-01
-1.80370e+00
-3.35571e-01
3.35571e+00
1.97148e+00
-7.55035e-01
1.67786e+00
-6.29196e-01
-4.06880e+00
3.27182e+00
4.02685e+00
2.51678e-01
-2.55873e+00
-2.30705e+00
-2.60068e+00
-7.13089e-01
5.03357e-01
-1.30034e+00
-1.00671e+00
4.02685e+00
7.13089e-01
-6.08223e+00
1.25839e-01
3.64934e+00
9.64767e-01
-9.22821e-01
-4.19464e-01
1.97148e+00
-1.00671e+00
-3.77518e-01
1.21645e+00
2.51678e-01
-1.17450e+00
2.30705e+00
2.09732e+00
-2.26511e+00
-1.38423e+00
2.51678e-01
-5.03357e-01
-2.09732e-01
1.00671e+00
-4.19464e-02
-1.42618e+00
-3.27182e+00
-7.96982e-01
2.76846e+00
7.55035e-01
-5.45303e-01
4.19464e-01
9.22821e-01
1.42618e+00
-9.22821e-01
-2.93625e-01
7.96982e-01
4.19464e-02
-5.45303e-01
4.48826e+00
6.16612e+00
-3.48155e+00
-1.18289e+01
-8.51512e+00
3.81712e+00
1.72819e+01
1.32551e+01
9.39599e+00
-2.12249e+01
-1.48071e+01
-9.60573e+00
-1.19967e+01
-4.06880e+00
1.84145e+01
2.18960e+01
-7.84398e+00
-1.06963e+01
-2.05537e+00
9.43794e+00
-1.97148e+00
-6.29196e-01
3.56544e+00
2.60068e+00
-5.66276e+00
-4.73994e+00
2.30705e+00
5.28525e+00
7.55035e-01
8.80874e-01
3.77518e-01
-1.46812e+00
-3.60739e+00
1.38423e+00
5.99834e+00
1.63591e+00
-1.19128e+01
-1.04027e+01
1.55202e+01
4.61410e+00
-1.88759e+00
6.79532e+00
6.83726e+00
-9.60573e+00
-6.66948e+00
-1.63591e+00
4.15269e+00
-5.15941e+00
-1.63591e+00
1.55202e+00
3.35571e+00
-1.04447e+01
6.29196e-01
1.16192e+01
-1.46812e+00
-1.67786e-01
6.58558e+00
-5.03357e-01
-7.55035e+00
-1.67786e-01
4.82384e+00
2.51678e-01
-2.64262e+00
5.03357e-01
-3.35571e-01
-2.05537e+00
-1.55202e+00
-1.25839e+00
3.35571e-01
5.87250e-01
1.76175e+00
5.45303e-01
-5.45303e-01
-3.77518e-01
1.25839e-01
7.13089e-01
1.59396e+00
2.51678e-01
-9.64767e-01
-5.03357e-01
-1.00671e+00
-2.01343e+00
-3.94296e+00
-2.01343e+00
4.69800e+00
3.22987e+00
5.03357e-01
1.13255e+00
-9.64767e-01
4.19464e-02
2.93625e-01
6.71142e-01
1.25839e+00
-8.38928e-01
-1.34228e+00
-8.38928e-02
1.09061e+00
-1.67786e-01
-7.13089e-01
-5.03357e-01
-5.87250e-01
-1.34228e+00
-1.67786e-01
2.51678e-01
-4.19464e-02
-5.87250e-01
-1.67786e-01
-1.67786e-01
-3.77518e-01
9.64767e-01
6.71142e-01
3.35571e-01
1.25839e-01
-4.61410e-01
-3.35571e-01
1.25839e-01
1.30034e+00
2.51678e-01
-1.92953e+00
-5.87250e-01
1.04866e+00
2.51678e-01
-6.29196e-01
3.35571e-01
1.67786e-01
-9.22821e-01
1.67786e-01
3.35571e-01
4.61410e-01
2.09732e-01
0.00000e+00
-7.96982e-01
-4.19464e-01
0.00000e+00
-9.64767e-01
-2.09732e-01
-8.38928e-02
-2.09732e-01
-6.29196e-01
4.61410e-01
3.35571e-01
-1.67786e-01
2.51678e-01
3.35571e-01
1.67786e-01
2.93625e-01
6.29196e-01
3.35571e-01
6.29196e-01
-1.21645e+00
-1.92953e+00
0.00000e+00
-3.64934e+00
4.06880e+00
6.96310e+00
-3.77518e-01
-3.35571e+00
1.76175e+00
-1.61074e+01
3.60739e+00
1.41779e+01
-3.52350e+00
9.22821e-01
5.66276e+00
7.59230e+00
-6.50169e+00
-8.64096e+00
-1.92953e+00
1.04866e+00
2.30705e+00
2.26511e+00
1.92953e+01
-1.22483e+01
-2.08893e+01
-7.46646e+00
-6.62753e+00
1.02349e+01
3.42702e+01
1.09061e+00
-1.43876e+01
-1.29195e+01
-9.14431e+00
-6.62753e+00
1.90856e+01
8.26344e+00
-4.32048e+00
-2.51678e+00
2.89430e+00
-3.77518e+00
-2.97819e+00
1.55202e+00
3.10403e+00
-5.03357e-01
-1.92953e+00
7.96982e-01
7.13089e-01
2.64262e+00
-1.84564e+00
1.42618e+00
-4.19464e-02
-1.67786e+00
1.67786e-01
-4.19464e-02
2.93625e-01
-1.09061e+00
7.55035e-01
4.61410e-01
6.29196e-01
-4.19464e-01
-2.34900e+00
1.38423e+00
-7.96982e-01
1.17450e+00
3.90102e+00
1.17450e+00
-3.77518e+00
-6.33391e+00
-1.00671e+00
5.53692e+00
1.67786e+00
1.13255e+00
8.38928e-02
-5.57887e+00
-5.36914e+00
3.48155e+00
4.94968e+00
-2.09732e+00
8.38928e-02
0.00000e+00
-2.26511e+00
-2.72652e+00
1.80370e+00
4.61410e+00
2.26511e+00
-8.38928e-01
-3.77518e-01
-1.25839e+00
0.00000e+00
9.22821e-01
1.00671e+00
-5.87250e-01
-2.55873e+00
-6.62753e+00
-2.68457e+00
8.51512e+00
6.04028e+00
-9.64767e-01
2.05537e+00
-1.87081e+01
-9.22821e-01
1.51427e+01
7.13089e-01
-9.22821e-01
2.89430e+00
4.19464e-01
-5.91444e+00
1.71980e+00
5.41109e+00
0.00000e+00
-3.60739e+00
-6.29196e-01
4.57216e+00
1.84564e+00
1.00671e+00
-3.60739e+00
-5.62082e+00
-3.43960e+00
2.85236e+00
2.09732e-01
7.96982e-01
1.92953e+00
1.59396e+00
-4.11075e+00
-2.43289e+00
3.02014e+00
2.30705e+00
-1.38423e+00
-4.19464e-01
8.38928e-01
-1.00671e+00
-2.09732e+00
1.34228e+00
2.09732e-01
5.24330e+00
1.30453e+01
-2.72652e+00
-2.00923e+01
-9.06042e+00
-8.43123e+00
1.37584e+01
4.00169e+01
3.48994e+01
-1.17450e+00
-2.31125e+01
-6.33391e+00
-2.28188e+01
-5.45303e+00
-9.68962e+00
-6.79532e+00
-8.38928e-02
1.32970e+01
3.56544e+00
-9.10237e+00
-1.21645e+00
-1.06963e+01
-1.51846e+01
-1.31712e+01
-4.27853e+00
-5.49498e+00
1.38423e+00
-1.25839e+00
3.60320e+01
2.66779e+01
-1.42198e+01
-9.81546e+00
-4.82384e+00
1.06963e+01
1.67786e-01
3.69128e+00
3.48155e+00
-1.25839e-01
-4.19464e-02
2.39094e+00
2.89430e+00
-7.63424e+00
-2.76846e+00
3.39766e+00
-4.19464e-02
-2.93625e+00
-1.97148e+00
-1.71980e+00
4.69800e+00
-2.51678e-01
5.99834e+00
-5.20135e+00
-6.12417e+00
4.73994e+00
7.34062e+00
-2.93625e-01
-9.81546e+00
8.34733e+00
2.43289e+00
-4.27853e+00
6.79532e+00
7.21478e+00
7.55035e-01
-1.46393e+01
-5.53692e+00
-1.34228e+00
4.32048e+00
1.25839e-01
-3.43960e+00
-3.77518e-01
-1.25839e-01
-3.48155e+00
9.22821e-01
4.36243e+00
2.13927e+00
1.34228e+00
9.64767e-01
3.02014e+00
3.18793e+00
7.96982e-01
-2.39094e+00
-1.84564e+00
-1.59396e+00
-5.03357e-01
-1.88759e+00
-8.38928e-02
-1.38423e+00
-2.22316e+00
-3.64934e+00
-5.03357e-01
1.71980e+00
1.63591e+00
1.34228e+00
1.71980e+00
7.13089e-01
1.09061e+00
2.51678e-01
7.96982e-01
6.29196e-01
6.71142e-01
-2.26511e+00
-9.64767e-01
-2.51678e-01
-8.80874e-01
-2.93625e-01
-4.61410e-01
-3.77518e-01
-5.03357e-01
4.19464e-02
4.61410e-01
2.51678e-01
-1.00671e+00
-1.67786e+00
1.51007e+00
2.26511e+00
1.55202e+00
2.47484e+00
1.13255e+00
-2.26511e+00
-2.51678e+00
-2.51678e-01
7.96982e-01
6.29196e-01
-4.19464e-01
-1.00671e+00
-3.18793e+00
-3.94296e+00
3.14598e+00
4.44632e+00
-8.80874e-01
-1.38423e+00
2.34900e+00
-4.19464e-01
-1.46812e+00
2.39094e+00
1.51007e+00
-6.29196e-01
-8.38928e-02
8.38928e-02
-9.22821e-01
-5.45303e-01
-4.61410e-01
-2.09732e-01
-5.87250e-01
-2.39094e+00
-1.51007e+00
2.55873e+00
2.76846e+00
-3.06209e+00
-3.69128e+00
2.43289e+00
2.68457e+00
1.67786e-01
1.67786e+00
7.13089e-01
-3.98491e+00
-8.80874e-01
2.13927e+00
-6.29196e-01
-1.59396e+00
5.45303e-01
3.06209e+00
-1.51007e+00
-3.10403e+00
1.71980e+00
1.71980e+00
-2.93625e-01
7.96982e-01
2.89430e+00
-2.09732e+00
-3.94296e+00
2.93625e-01
2.51678e+00
7.13089e-01
-7.96982e-01
-4.61410e-01
-7.55035e-01
-7.55035e-01
3.77518e-01
4.19464e-01
0.00000e+00
3.77518e-01
8.38928e-01
6.29196e-01
-3.77518e-01
-1.04866e+00
3.35571e-01
1.25839e-01
-1.46812e+00
-3.64934e+00
-2.18121e+00
2.68457e+00
1.88759e+00
-1.17450e+00
-8.38928e-01
4.19464e-01
-2.51678e-01
5.45303e-01
2.01343e+00
1.67786e+00
4.61410e-01
6.71142e-01
-2.93625e-01
-4.19464e-01
-3.35571e-01
-1.63591e+00
4.19464e-02
1.25839e+00
-9.64767e-01
-1.21645e+00
-3.77518e-01
0.00000e+00
-4.19464e-01
-8.38928e-02
8.38928e-02
1.00671e+00
-1.67786e+00
-3.06209e+00
-6.29196e-01
5.41109e+00
4.36243e+00
2.93625e-01
1.21645e+00
2.51678e+00
-5.95639e+00
-3.69128e+00
-9.43794e+00
-9.85740e+00
1.42198e+01
1.80370e+00
-2.05537e+00
4.82384e+00
5.70471e+00
-3.85907e+00
-3.35571e-01
4.94968e+00
1.13255e+00
-1.04866e+00
-2.09732e+00
-4.61410e-01
5.03357e-01
2.93625e-01
1.97148e+00
4.19464e+00
1.00671e+00
3.14598e+00
-1.00671e+00
6.33391e+00
-1.01091e+01
-1.43457e+01
-1.34228e+00
2.39094e+00
6.33391e+00
5.03357e-01
-1.00671e+00
-3.39766e+00
-6.29196e-01
1.00671e+00
4.48826e+00
3.48155e+00
-4.94968e+00
-4.78189e+00
-3.35571e-01
5.99834e+00
1.17450e+00
1.25420e+01
4.53021e+01
3.38927e+01
-1.89178e+01
-1.57718e+01
-8.76680e+00
-1.95051e+01
-1.38423e+01
-2.17702e+01
-1.79531e+01
-1.01930e+01
-1.48071e+01
-9.18626e+00
-1.87500e+01
-8.64096e+00
-8.76680e+00
5.46562e+01
5.51595e+01
-1.78692e+01
-7.50841e+00
-4.23659e+00
-3.39766e+00
-1.13255e+00
2.13088e+01
2.01343e+00
-1.14094e+01
1.00252e+01
2.43289e+00
-5.45303e+00
-5.45303e-01
1.59396e+00
1.80370e+00
-2.43289e+00
-5.20135e+00
-5.45303e-01
-1.51007e+00
4.02685e+00
-8.80874e-01
-8.38928e-02
-8.38928e-02
1.42618e+00
-1.59396e+00
-2.30705e+00
4.57216e+00
-4.61410e-01
-8.38928e-01
2.09732e-01
5.87250e-01
7.13089e-01
-2.51678e+00
-1.25839e+00
-3.35571e+00
8.80874e-01
-1.25839e-01
8.38928e-02
1.92953e+00
4.61410e-01
5.45303e-01
