2.55864e-03
1.31197e-02
3.36811e-02
6.04779e-02
9.07674e-02
1.23019e-01
1.48492e-01
1.55639e-01
1.43441e-01
1.14845e-01
6.61791e-02
4.19521e-03
-5.35661e-02
-1.01036e-01
-1.38363e-01
-1.61904e-01
-1.73096e-01
-1.77881e-01
-1.73159e-01
-1.49729e-01
-1.05991e-01
-4.89241e-02
1.05821e-02
6.10696e-02
9.44463e-02
1.07507e-01
1.01220e-01
8.00480e-02
4.96013e-02
1.41315e-02
-2.29466e-02
-6.03346e-02
-9.87306e-02
-1.35216e-01
-1.60805e-01
-1.66288e-01
-1.49761e-01
-1.16657e-01
-7.50904e-02
-3.39219e-02
-9.19226e-04
2.61129e-02
5.89317e-02
9.64037e-02
1.21476e-01
1.28390e-01
1.21557e-01
9.96861e-02
6.12843e-02
9.52947e-03
-4.82641e-02
-9.53990e-02
-9.46154e-02
-3.55158e-02
2.78285e-02
5.85052e-02
7.34795e-02
8.51796e-02
1.00112e-01
1.39148e-01
1.92132e-01
2.14364e-01
1.88510e-01
1.35389e-01
8.74745e-02
6.18364e-02
4.85657e-02
2.81060e-02
-1.18067e-02
-6.68934e-02
-1.17346e-01
-1.45153e-01
-1.48948e-01
-1.40775e-01
-1.34646e-01
-1.32303e-01
-1.39377e-01
-1.78593e-01
-2.23886e-01
-2.14614e-01
-1.64731e-01
-1.27847e-01
-1.08565e-01
-8.90023e-02
-6.91868e-02
-4.81302e-02
-1.76232e-02
1.73512e-02
4.77256e-02
7.62895e-02
1.10680e-01
1.47304e-01
1.71068e-01
1.74996e-01
1.68082e-01
1.62317e-01
1.57252e-01
1.47748e-01
1.36861e-01
1.27649e-01
1.18978e-01
1.06557e-01
8.14504e-02
4.47842e-02
1.14535e-02
-1.24164e-02
-3.37271e-02
-5.64545e-02
-7.88015e-02
-1.02136e-01
-1.27802e-01
-1.47194e-01
-1.53283e-01
-1.53096e-01
-1.52879e-01
-1.46141e-01
-1.45546e-01
-1.84404e-01
-2.28101e-01
-2.08158e-01
-1.51281e-01
-1.10443e-01
-6.98832e-02
-2.16853e-02
2.40712e-03
1.24381e-02
4.89247e-02
1.03301e-01
1.50014e-01
1.91331e-01
2.34950e-01
2.75056e-01
2.91646e-01
2.76750e-01
2.41391e-01
1.95004e-01
1.39699e-01
8.08085e-02
2.28640e-02
-4.70693e-02
-1.30584e-01
-2.02166e-01
-2.44472e-01
-2.55842e-01
-2.41169e-01
-2.10519e-01
-1.70059e-01
-1.20390e-01
-6.16119e-02
7.92917e-03
8.40013e-02
1.43029e-01
1.68640e-01
1.76425e-01
1.77836e-01
1.64764e-01
1.36639e-01
9.66071e-02
4.20197e-02
-2.35248e-02
-8.56508e-02
-1.28056e-01
-1.46481e-01
-1.52469e-01
-1.56594e-01
-1.54017e-01
-1.46735e-01
-1.40519e-01
-1.16205e-01
-6.79919e-02
-2.26248e-02
3.36225e-03
1.50723e-02
1.65318e-02
7.40332e-03
-5.05066e-03
-1.72290e-02
-3.56018e-02
-5.87477e-02
-7.31433e-02
-6.84388e-02
-4.76253e-02
-1.93257e-02
1.47479e-02
5.27491e-02
8.80171e-02
1.21019e-01
1.53887e-01
1.79377e-01
1.91533e-01
1.92065e-01
1.80960e-01
1.56218e-01
1.21553e-01
8.38887e-02
4.62180e-02
8.10134e-03
-2.90692e-02
-6.11898e-02
-8.49576e-02
-9.84756e-02
-9.85963e-02
-8.61023e-02
-6.84967e-02
-4.96250e-02
-2.73480e-02
-2.88317e-03
2.34456e-02
5.33697e-02
7.54650e-02
7.82205e-02
6.85230e-02
5.78377e-02
5.05008e-02
4.83401e-02
5.12093e-02
5.33710e-02
4.97962e-02
4.43499e-02
4.61779e-02
5.92735e-02
7.36793e-02
7.39210e-02
6.09641e-02
4.69034e-02
3.45136e-02
2.34675e-02
1.65411e-02
-6.79311e-03
-7.49120e-02
-1.57443e-01
-1.98353e-01
-2.02730e-01
-2.04667e-01
-2.10779e-01
-2.18120e-01
-2.38386e-01
-2.64699e-01
-2.50014e-01
-1.88861e-01
-1.30826e-01
-8.83522e-02
-3.56234e-02
2.41671e-02
7.40160e-02
1.36077e-01
2.29530e-01
3.19489e-01
3.64137e-01
3.59737e-01
3.23853e-01
2.79800e-01
2.45281e-01
2.16759e-01
1.72246e-01
9.28145e-02
-9.87042e-03
-9.33839e-02
-1.14447e-01
-6.47019e-02
-1.89784e-03
-3.93567e-02
-2.19775e-01
-4.04078e-01
-4.37057e-01
-3.47092e-01
-2.51348e-01
-2.04854e-01
-2.00137e-01
-2.07588e-01
-1.81739e-01
-9.24889e-02
2.94449e-02
1.18279e-01
1.44440e-01
1.39338e-01
1.46031e-01
1.79528e-01
2.18300e-01
2.22915e-01
1.81538e-01
1.09558e-01
2.99757e-02
-3.02112e-02
-5.89231e-02
-7.32480e-02
-9.72563e-02
-1.30199e-01
-1.49716e-01
-1.38884e-01
-9.60650e-02
-3.44002e-02
2.38602e-02
6.63036e-02
9.49120e-02
1.18477e-01
1.43179e-01
1.60727e-01
1.53790e-01
1.17496e-01
6.72048e-02
2.15753e-02
-1.38511e-02
-4.37158e-02
-7.03728e-02
-8.99224e-02
-9.51974e-02
-8.22421e-02
-5.54808e-02
-2.52335e-02
5.62969e-03
4.81942e-02
1.03341e-01
1.70623e-01
2.40756e-01
2.69729e-01
2.50976e-01
2.22027e-01
1.85566e-01
1.27872e-01
6.64970e-02
1.76770e-02
-3.73242e-02
-1.05058e-01
-1.62455e-01
-2.09327e-01
-2.51334e-01
-2.65666e-01
-2.44745e-01
-2.06496e-01
-1.61414e-01
-1.09553e-01
-5.22122e-02
5.67149e-03
5.89442e-02
1.00757e-01
1.22863e-01
1.22708e-01
1.02852e-01
6.55708e-02
1.66036e-02
-3.55229e-02
-8.35154e-02
-1.22290e-01
-1.50664e-01
-1.67061e-01
-1.67611e-01
-1.49562e-01
-1.12129e-01
-5.57187e-02
1.66644e-02
9.63808e-02
1.69085e-01
2.20665e-01
2.46868e-01
2.52469e-01
2.41459e-01
2.14372e-01
1.71139e-01
1.11580e-01
3.33919e-02
-6.18094e-02
-1.59243e-01
-2.39030e-01
-2.90363e-01
-3.14482e-01
-3.14269e-01
-2.86606e-01
-2.35844e-01
-1.75635e-01
-1.08866e-01
-3.11509e-02
5.02385e-02
1.20758e-01
1.77186e-01
2.23326e-01
2.49803e-01
2.48768e-01
2.27106e-01
1.88033e-01
1.35279e-01
9.56808e-02
9.12933e-02
9.78332e-02
8.72260e-02
6.49216e-02
4.02444e-02
1.90180e-02
1.30678e-02
2.37262e-02
3.84885e-02
4.49597e-02
3.43176e-02
8.94614e-03
-1.82664e-02
-4.01628e-02
-5.96498e-02
-8.20883e-02
-1.08730e-01
-1.38678e-01
-1.72152e-01
-2.04765e-01
-2.29785e-01
-2.43701e-01
-2.43188e-01
-2.24154e-01
-1.86839e-01
-1.38188e-01
-8.14943e-02
-1.88690e-02
3.93446e-02
8.77924e-02
1.40447e-01
2.17349e-01
2.97127e-01
3.31680e-01
3.19302e-01
2.88581e-01
2.49647e-01
2.08110e-01
1.72094e-01
1.30555e-01
6.87987e-02
-3.89981e-03
-6.67933e-02
-1.10193e-01
-1.35213e-01
-1.61728e-01
-2.10961e-01
-2.50909e-01
-2.37720e-01
-1.80363e-01
-1.15814e-01
-7.04503e-02
-4.94032e-02
-4.65583e-02
-4.98239e-02
-4.63723e-02
-3.55247e-02
-2.89498e-02
-3.50526e-02
-4.51441e-02
-4.49675e-02
-3.38974e-02
-1.93291e-02
-3.94769e-03
1.18757e-02
2.95455e-02
5.44987e-02
8.72165e-02
1.20978e-01
1.47211e-01
1.71912e-01
2.12993e-01
2.54554e-01
2.61956e-01
2.27353e-01
1.58470e-01
7.08843e-02
-1.12959e-02
-7.26011e-02
-1.13193e-01
-1.37639e-01
-1.52344e-01
-1.63536e-01
-1.69600e-01
-1.63337e-01
-1.36954e-01
-8.89502e-02
-2.81267e-02
3.35939e-02
8.74289e-02
1.26944e-01
1.49079e-01
1.56175e-01
1.50866e-01
1.32166e-01
9.90992e-02
5.41401e-02
1.63020e-03
-5.65637e-02
-1.17112e-01
-1.68863e-01
-1.97473e-01
-1.94494e-01
-1.61720e-01
-1.09032e-01
-4.83890e-02
1.04789e-02
6.22536e-02
1.05501e-01
1.38387e-01
1.56786e-01
1.56682e-01
1.35978e-01
9.44590e-02
3.33541e-02
-4.26592e-02
-1.20635e-01
-1.79037e-01
-2.03134e-01
-2.00930e-01
-1.89979e-01
-1.73723e-01
-1.44055e-01
-9.62788e-02
-2.91442e-02
6.71834e-02
1.97828e-01
3.20501e-01
3.80730e-01
3.84809e-01
3.62614e-01
3.20063e-01
2.64749e-01
2.08008e-01
1.35692e-01
3.14221e-02
-8.99227e-02
-1.97998e-01
-2.68751e-01
-2.96701e-01
-2.89002e-01
-2.56400e-01
-2.15087e-01
-1.74633e-01
-1.25597e-01
-5.90402e-02
1.38528e-02
7.58100e-02
1.18124e-01
1.35840e-01
1.27717e-01
1.03570e-01
7.44925e-02
2.59186e-02
-6.38312e-02
-1.61105e-01
-2.13401e-01
-2.17352e-01
-1.91124e-01
-1.46847e-01
-9.67678e-02
-5.04212e-02
-7.79133e-03
3.84116e-02
9.39528e-02
1.50623e-01
1.88822e-01
1.97986e-01
1.82642e-01
1.48770e-01
9.78105e-02
3.55365e-02
-2.67814e-02
-8.08859e-02
-1.21095e-01
-1.43202e-01
-1.46654e-01
-1.32683e-01
-1.06229e-01
-7.42074e-02
-3.86720e-02
3.12116e-03
5.13381e-02
9.90601e-02
1.35910e-01
1.58093e-01
1.68326e-01
1.67033e-01
1.56973e-01
1.44296e-01
1.31390e-01
1.18039e-01
1.01709e-01
7.54589e-02
3.94551e-02
9.50463e-03
-1.00519e-02
-4.14875e-02
-8.84049e-02
-1.28126e-01
-1.53840e-01
-1.64918e-01
-1.58647e-01
-1.45481e-01
-1.33617e-01
-1.21758e-01
-1.05166e-01
-6.60741e-02
1.57866e-02
1.12798e-01
1.68611e-01
1.82942e-01
1.83567e-01
1.75062e-01
1.69744e-01
1.73821e-01
1.62380e-01
1.19017e-01
3.26593e-02
-1.02634e-01
-2.18789e-01
-2.48890e-01
-2.34879e-01
-2.27932e-01
-2.18716e-01
-2.00541e-01
-1.80210e-01
-1.37068e-01
-5.47948e-02
3.50839e-02
1.09301e-01
1.80997e-01
2.42178e-01
2.71076e-01
2.68219e-01
2.39513e-01
1.92041e-01
1.37639e-01
8.65884e-02
4.42307e-02
5.48417e-03
-4.14797e-02
-9.27693e-02
-1.27534e-01
-1.38624e-01
-1.37079e-01
-1.33435e-01
-1.27952e-01
-1.14751e-01
-9.57552e-02
-7.63782e-02
-5.87156e-02
-4.84004e-02
-4.84545e-02
-5.16231e-02
-5.15923e-02
-5.18436e-02
-5.43376e-02
-5.43540e-02
-5.14496e-02
-4.84546e-02
-4.30957e-02
-2.99716e-02
-6.25514e-03
2.54126e-02
6.03584e-02
9.55871e-02
1.28460e-01
1.58064e-01
1.86536e-01
2.13148e-01
2.32633e-01
2.41896e-01
2.40285e-01
2.23582e-01
1.87721e-01
1.39465e-01
9.12120e-02
4.76424e-02
6.37425e-03
-3.51589e-02
-7.82135e-02
-1.21642e-01
-1.58751e-01
-1.83970e-01
-2.05041e-01
-2.25957e-01
-2.29638e-01
-2.07409e-01
-1.73657e-01
-1.42124e-01
-1.16047e-01
-9.60093e-02
-8.15722e-02
-6.71001e-02
-4.65993e-02
-2.11668e-02
2.05307e-03
1.46194e-02
1.55746e-02
1.51512e-02
2.32367e-02
4.12774e-02
6.59438e-02
9.24255e-02
1.15287e-01
1.29483e-01
1.34187e-01
1.34887e-01
1.36239e-01
1.36993e-01
1.33490e-01
1.23428e-01
1.06299e-01
8.22992e-02
5.07915e-02
1.05270e-02
-3.30052e-02
-6.69806e-02
-8.74022e-02
-1.01227e-01
-1.11586e-01
-1.16550e-01
-1.30854e-01
-1.76316e-01
-2.23146e-01
-2.27115e-01
-2.03372e-01
-1.77698e-01
-1.43884e-01
-9.81656e-02
-5.95667e-02
-2.73425e-02
2.82668e-02
1.08672e-01
1.87501e-01
2.45042e-01
2.70057e-01
2.61900e-01
2.30745e-01
1.80695e-01
1.17567e-01
5.47693e-02
-7.02988e-03
-6.83674e-02
-1.21132e-01
-1.59084e-01
-1.78985e-01
-1.82386e-01
-1.70342e-01
-1.34972e-01
-6.62970e-02
2.68063e-02
1.15933e-01
1.76495e-01
2.02648e-01
2.05421e-01
1.88206e-01
1.47445e-01
9.24835e-02
2.95668e-02
-4.13830e-02
-1.12298e-01
-1.69520e-01
-2.05140e-01
-2.23406e-01
-2.30181e-01
-2.12929e-01
-1.41092e-01
-1.64343e-02
1.04017e-01
1.84444e-01
2.38792e-01
2.73440e-01
2.89133e-01
2.97987e-01
2.94797e-01
2.56914e-01
1.76101e-01
6.83528e-02
-5.66308e-02
-2.03129e-01
-3.34436e-01
-4.00915e-01
-4.16034e-01
-4.09513e-01
-3.77447e-01
-3.15682e-01
-2.34004e-01
-1.38848e-01
-3.52494e-02
6.68558e-02
1.57203e-01
2.26989e-01
2.71212e-01
2.90669e-01
2.87138e-01
2.63095e-01
2.26917e-01
1.88813e-01
1.51174e-01
1.08996e-01
5.58978e-02
-1.34942e-03
-4.24346e-02
-5.95840e-02
-5.62057e-02
-3.55895e-02
-9.69294e-03
7.07746e-03
1.35998e-02
8.39912e-04
-5.03876e-02
-1.13154e-01
-1.45403e-01
-1.59087e-01
-1.76891e-01
-1.91062e-01
-1.95133e-01
-2.00884e-01
-2.05638e-01
-1.86930e-01
-1.42080e-01
-8.83523e-02
-3.40926e-02
2.18154e-02
7.67462e-02
1.26336e-01
1.70159e-01
2.05692e-01
2.25828e-01
2.40676e-01
2.67316e-01
2.83577e-01
2.63028e-01
2.15426e-01
1.55601e-01
9.49367e-02
4.89604e-02
2.49225e-02
1.22653e-02
-6.98307e-03
-4.01492e-02
-7.63121e-02
-1.01248e-01
-1.14044e-01
-1.21232e-01
-1.28656e-01
-1.38715e-01
-1.49393e-01
-1.55723e-01
-1.54065e-01
-1.57262e-01
-1.72885e-01
-1.76275e-01
-1.52809e-01
-1.16469e-01
-7.83482e-02
-3.98016e-02
-5.97617e-03
1.83381e-02
3.86745e-02
6.24475e-02
9.10928e-02
1.18715e-01
1.34374e-01
1.31841e-01
1.15172e-01
9.44120e-02
7.83807e-02
6.92060e-02
6.28235e-02
5.50208e-02
4.40027e-02
2.54430e-02
-2.67231e-03
-2.85928e-02
-4.03679e-02
-4.26676e-02
-4.27787e-02
-4.01884e-02
-3.86894e-02
-4.48851e-02
-5.39972e-02
-5.81940e-02
-8.57722e-02
-1.61584e-01
-2.15971e-01
-1.91464e-01
-1.49935e-01
-1.32273e-01
-9.92674e-02
-5.49876e-02
-3.12236e-02
5.09881e-03
8.89727e-02
1.97015e-01
2.83298e-01
3.16624e-01
2.97514e-01
2.43143e-01
1.69158e-01
1.00430e-01
5.91486e-02
2.61785e-02
-3.20862e-02
-1.00827e-01
-1.49975e-01
-1.85240e-01
-2.07340e-01
-1.97487e-01
-1.60861e-01
-1.18688e-01
-7.19869e-02
3.19641e-03
1.15267e-01
2.16170e-01
2.57722e-01
2.42383e-01
1.97818e-01
1.46439e-01
9.49853e-02
4.65597e-02
-7.13969e-03
-7.56581e-02
-1.42227e-01
-1.82531e-01
-1.87454e-01
-1.61133e-01
-1.19372e-01
-7.74678e-02
-3.44680e-02
1.40577e-02
6.54923e-02
1.16030e-01
1.59381e-01
1.87242e-01
1.94142e-01
1.76963e-01
1.35511e-01
7.79664e-02
1.86150e-02
-3.29515e-02
-7.34310e-02
-1.00675e-01
-1.12466e-01
-1.08316e-01
-9.04390e-02
-6.26925e-02
-2.90357e-02
6.28688e-03
3.79331e-02
6.16109e-02
7.36337e-02
6.85156e-02
4.43625e-02
7.87999e-03
-3.09677e-02
-6.58672e-02
-9.52049e-02
-1.19980e-01
-1.42466e-01
-1.62424e-01
-1.73615e-01
-1.69875e-01
-1.51105e-01
-1.21151e-01
-8.46901e-02
-4.21009e-02
9.52282e-03
6.18509e-02
9.75931e-02
1.12656e-01
1.16893e-01
1.16470e-01
1.12147e-01
1.05662e-01
1.07958e-01
1.33554e-01
1.66121e-01
1.78317e-01
1.69436e-01
1.45108e-01
1.10489e-01
7.83860e-02
5.94976e-02
4.78921e-02
2.58499e-02
-1.49968e-02
-6.36721e-02
-9.96072e-02
-1.13013e-01
-1.11511e-01
-1.08573e-01
-1.10417e-01
-1.16503e-01
-1.23890e-01
-1.25177e-01
-1.14248e-01
-9.84543e-02
-9.95879e-02
-1.16969e-01
-1.16795e-01
-8.72070e-02
-4.77880e-02
-1.31141e-02
1.54125e-02
3.93132e-02
6.05805e-02
8.08173e-02
9.92297e-02
1.14930e-01
1.23581e-01
1.21431e-01
1.13150e-01
1.02503e-01
8.52795e-02
5.81557e-02
2.47364e-02
-1.03092e-02
-4.57494e-02
-7.61938e-02
-9.46301e-02
-1.04984e-01
-1.12223e-01
-1.12050e-01
-1.03147e-01
-9.06042e-02
-7.56956e-02
-5.74284e-02
-4.02781e-02
-2.93241e-02
-4.39132e-02
-1.07806e-01
-1.70595e-01
-1.62537e-01
-1.21891e-01
-1.08919e-01
-9.93730e-02
-6.95545e-02
-5.12009e-02
-4.18500e-02
1.59362e-03
7.02228e-02
1.22974e-01
1.58415e-01
1.91721e-01
2.14056e-01
2.18034e-01
2.13310e-01
1.96621e-01
1.47819e-01
7.58323e-02
3.80441e-02
4.80343e-02
3.95176e-02
4.75165e-04
-2.53820e-02
-4.61141e-02
-6.35977e-02
-3.57237e-02
4.14518e-02
1.16062e-01
1.49010e-01
1.41578e-01
1.05658e-01
7.07108e-02
5.36971e-02
2.19256e-02
-5.17301e-02
-1.44566e-01
-2.10662e-01
-2.34683e-01
-2.31935e-01
-2.12597e-01
-1.86350e-01
-1.64216e-01
-1.26498e-01
-5.19036e-02
4.17944e-02
1.25391e-01
1.79011e-01
1.95336e-01
1.85391e-01
1.67330e-01
1.47756e-01
1.21868e-01
8.38370e-02
3.40744e-02
-2.02234e-02
-6.89784e-02
-1.02646e-01
-1.13094e-01
-1.02072e-01
-8.22086e-02
-6.06990e-02
-3.21722e-02
9.60768e-03
5.87064e-02
9.87541e-02
1.08032e-01
7.13726e-02
2.99118e-03
-5.55359e-02
-8.24063e-02
-9.78784e-02
-1.20494e-01
-1.35491e-01
-1.24376e-01
-8.86077e-02
-4.20708e-02
-1.16973e-03
3.30341e-02
7.01813e-02
1.10349e-01
1.48713e-01
1.80970e-01
1.94836e-01
1.78844e-01
1.37545e-01
8.41333e-02
2.83979e-02
-2.48446e-02
-7.54088e-02
-1.22553e-01
-1.63090e-01
-2.05038e-01
-2.44221e-01
-2.45489e-01
-1.96989e-01
-1.29227e-01
-7.29257e-02
-3.78121e-02
-1.83127e-02
-6.58889e-03
2.22695e-03
1.36443e-02
2.69966e-02
3.07968e-02
2.00263e-02
5.67715e-03
-3.07196e-03
-8.28181e-03
-1.16408e-02
-1.04054e-02
-2.98189e-03
1.09514e-02
3.24400e-02
5.92934e-02
8.45423e-02
1.09065e-01
1.39346e-01
1.70237e-01
1.86881e-01
1.72297e-01
1.21087e-01
5.45963e-02
8.70523e-03
-1.03983e-02
-3.06127e-02
-6.12146e-02
-8.84558e-02
-1.09132e-01
-1.22725e-01
-1.17825e-01
-1.00005e-01
-1.17253e-01
-1.68111e-01
-1.38145e-01
8.32356e-03
1.43119e-01
1.84314e-01
1.57896e-01
8.66338e-02
3.16785e-02
9.19243e-02
2.29350e-01
3.11773e-01
3.09219e-01
2.62081e-01
1.86272e-01
9.42174e-02
1.47008e-02
-2.63279e-02
-4.68775e-02
-8.18130e-02
-1.16625e-01
-1.32074e-01
-1.38708e-01
-1.33943e-01
-1.12109e-01
-9.19695e-02
-9.11740e-02
-9.89871e-02
-9.53456e-02
-8.13793e-02
-7.29620e-02
-7.75674e-02
-9.05594e-02
-1.03006e-01
-1.03687e-01
-8.82034e-02
-7.59151e-02
-8.72617e-02
-9.91643e-02
-9.53854e-02
-9.57966e-02
-8.50470e-02
-4.15923e-02
8.26755e-03
3.88169e-02
6.18011e-02
9.08512e-02
1.18751e-01
1.43446e-01
1.59725e-01
1.56057e-01
1.41040e-01
1.24337e-01
9.97302e-02
7.09380e-02
4.63952e-02
2.38634e-02
-1.13832e-02
-8.00146e-02
-1.21963e-01
-5.51962e-02
4.50895e-03
-9.21890e-02
-2.39620e-01
-2.54279e-01
-1.37589e-01
-6.59256e-03
8.85984e-02
1.63512e-01
2.12918e-01
1.93448e-01
4.06394e-02
-1.99041e-01
-3.22187e-01
-2.71190e-01
-2.14348e-01
-2.28242e-01
-2.48797e-01
-2.52885e-01
-2.45266e-01
-2.01664e-01
-1.20832e-01
-3.75345e-02
2.13096e-02
6.26042e-02
1.03787e-01
1.46203e-01
1.84350e-01
2.09398e-01
2.07900e-01
1.51413e-01
2.59343e-02
-7.76247e-02
-6.14089e-02
2.47118e-02
1.02864e-01
1.51829e-01
1.54716e-01
1.25446e-01
1.10493e-01
1.33528e-01
1.52646e-01
1.09119e-01
3.50039e-02
1.12066e-03
2.83523e-02
1.07011e-01
1.98299e-01
2.45966e-01
2.21241e-01
1.45573e-01
6.39737e-02
-8.48866e-03
-8.85915e-02
-1.69407e-01
-2.33343e-01
-3.06428e-01
-3.95211e-01
-4.32869e-01
-3.74309e-01
-2.64481e-01
-1.57448e-01
-5.88567e-02
3.23723e-02
1.24795e-01
2.47717e-01
3.85583e-01
4.69414e-01
4.72340e-01
4.20608e-01
3.55167e-01
3.28480e-01
3.24653e-01
2.62613e-01
1.15993e-01
-7.34208e-02
-2.38899e-01
-3.47439e-01
-4.35472e-01
-5.06536e-01
-5.11034e-01
-4.60147e-01
-3.91207e-01
-2.97132e-01
-1.80894e-01
-7.62166e-02
1.40888e-02
1.18695e-01
2.29619e-01
3.05081e-01
3.33197e-01
3.21847e-01
2.68483e-01
1.89299e-01
1.26502e-01
1.06586e-01
1.09418e-01
1.02184e-01
7.48911e-02
3.18615e-02
-8.75170e-03
-2.26241e-02
-4.40203e-03
2.29915e-02
2.77995e-02
1.93656e-03
-3.51656e-02
-6.38856e-02
-8.01245e-02
-9.31125e-02
-1.32493e-01
-2.05968e-01
-2.80732e-01
-3.42650e-01
-3.67395e-01
-3.28823e-01
-2.71901e-01
-2.40381e-01
-2.05020e-01
-1.35157e-01
-4.54361e-02
4.95714e-02
1.43684e-01
2.19249e-01
2.69228e-01
3.04459e-01
3.29595e-01
3.37609e-01
3.22018e-01
2.81411e-01
2.23408e-01
1.68391e-01
1.33844e-01
1.23874e-01
1.07024e-01
4.49069e-02
-3.42610e-02
-8.24797e-02
-1.03093e-01
-1.11850e-01
-1.05123e-01
-7.45344e-02
3.35652e-02
1.53407e-01
3.09101e-02
-2.77176e-01
-4.11349e-01
-3.20804e-01
-2.19264e-01
-1.88095e-01
-1.78815e-01
-1.48983e-01
-8.36752e-02
-7.85374e-03
4.20478e-02
6.74430e-02
8.76215e-02
1.02106e-01
1.12427e-01
1.29778e-01
1.42668e-01
1.40105e-01
1.17307e-01
7.20005e-02
2.57267e-02
5.16537e-03
8.97587e-03
9.39908e-03
-1.01640e-02
-4.32664e-02
-7.12359e-02
-8.13805e-02
-8.37268e-02
-8.92442e-02
-9.69745e-02
-1.12249e-01
-1.42963e-01
-1.68349e-01
-1.63554e-01
-1.38288e-01
-1.14281e-01
-1.01228e-01
-8.80760e-02
-5.89089e-02
-1.51059e-02
2.74591e-02
6.86620e-02
1.07083e-01
1.25019e-01
1.45135e-01
1.77458e-01
1.85223e-01
1.57958e-01
1.12402e-01
6.67060e-02
3.40274e-02
1.37265e-02
-7.03266e-03
-3.69857e-02
-7.29238e-02
-1.01965e-01
-1.13499e-01
-1.09583e-01
-9.57130e-02
-7.36887e-02
-4.24316e-02
2.31258e-03
5.24099e-02
8.16975e-02
8.42409e-02
8.43820e-02
9.25616e-02
9.39553e-02
8.43191e-02
7.10234e-02
5.19664e-02
2.33581e-02
-6.44948e-03
-2.45695e-02
-3.18058e-02
-4.41402e-02
-6.30020e-02
-5.51586e-02
-5.74530e-03
5.69591e-02
1.04815e-01
1.24039e-01
1.21803e-01
1.06342e-01
8.19904e-02
7.21327e-02
7.60220e-02
6.70513e-02
3.59587e-02
-1.16245e-02
-5.95904e-02
-9.56469e-02
-1.21737e-01
-1.36604e-01
-1.35575e-01
-1.24834e-01
-1.14535e-01
-9.87624e-02
-6.09218e-02
-9.24210e-03
2.66861e-02
4.46235e-02
6.80190e-02
1.03294e-01
1.39589e-01
1.67908e-01
1.78593e-01
1.67610e-01
1.44210e-01
1.18595e-01
9.31569e-02
6.05127e-02
-1.08045e-03
-9.59441e-02
-1.78492e-01
-2.07922e-01
-2.03015e-01
-2.04815e-01
-2.20832e-01
-2.33118e-01
-2.33578e-01
-2.16787e-01
-1.77154e-01
-1.26539e-01
-6.85636e-02
2.81956e-02
1.74754e-01
3.22896e-01
4.26947e-01
4.65177e-01
4.32454e-01
3.50799e-01
2.34221e-01
1.09936e-01
3.37406e-02
8.35168e-04
-4.29915e-02
-1.13427e-01
-1.86730e-01
-2.56639e-01
-3.35534e-01
-3.66380e-01
-2.99844e-01
-2.08713e-01
-1.41098e-01
-6.29658e-02
2.15738e-02
8.59723e-02
1.35906e-01
1.70042e-01
1.70500e-01
1.47985e-01
1.22683e-01
7.29038e-02
-1.46533e-02
-1.05524e-01
-1.74350e-01
-2.18910e-01
-2.33553e-01
-2.20776e-01
-1.98073e-01
-1.69902e-01
-1.27574e-01
-6.18875e-02
4.15502e-02
1.80815e-01
3.06151e-01
3.63055e-01
3.62772e-01
3.41374e-01
3.08302e-01
2.70124e-01
2.26909e-01
1.60135e-01
5.68389e-02
-6.43219e-02
-1.52025e-01
-1.84998e-01
-1.76835e-01
-1.42696e-01
-1.47180e-01
-2.21484e-01
-2.83684e-01
-2.65633e-01
-1.69963e-01
-4.73477e-02
3.74468e-02
6.94195e-02
6.41538e-02
2.86416e-02
-1.88288e-02
-4.99333e-02
-6.47832e-02
-8.75366e-02
-1.30529e-01
-1.75528e-01
-1.94930e-01
-1.87663e-01
-1.65746e-01
-1.39516e-01
-1.19725e-01
-1.00712e-01
-6.92737e-02
-2.49867e-02
2.35065e-02
5.99235e-02
6.30560e-02
4.85595e-02
7.66944e-02
1.52026e-01
2.05160e-01
2.15343e-01
2.09475e-01
1.89151e-01
1.93589e-01
2.62395e-01
3.08304e-01
2.52987e-01
1.58866e-01
9.59602e-02
5.24608e-02
-1.26447e-02
-9.81457e-02
-1.70364e-01
-2.21810e-01
-2.49517e-01
-2.44178e-01
-2.17894e-01
-1.90822e-01
-1.55505e-01
-9.08620e-02
-1.35461e-02
4.25140e-02
6.58196e-02
6.43980e-02
5.20193e-02
3.64763e-02
2.72250e-02
3.29625e-02
4.17351e-02
3.68312e-02
2.54188e-02
1.55673e-02
-3.67649e-03
-2.66962e-02
-2.62364e-02
-3.80942e-03
9.36270e-03
7.87803e-03
2.05096e-02
6.22179e-02
1.16814e-01
1.60608e-01
1.88528e-01
2.04401e-01
1.90064e-01
1.42594e-01
9.12366e-02
4.06821e-02
-2.01775e-02
-6.63698e-02
-7.11752e-02
-5.55305e-02
-3.77831e-02
-2.10726e-02
-3.81052e-02
-9.38993e-02
-1.33674e-01
-1.21006e-01
-6.98189e-02
-1.65773e-02
5.40525e-03
-3.30527e-03
-5.77787e-03
1.49987e-02
4.45978e-02
7.85460e-02
1.09531e-01
1.14348e-01
1.08934e-01
1.37148e-01
1.69201e-01
1.58055e-01
1.30034e-01
1.03718e-01
6.42277e-02
2.18185e-02
-6.72423e-03
-3.80604e-02
-1.16491e-01
-2.45177e-01
-3.29670e-01
-3.12118e-01
-2.63057e-01
-2.37975e-01
-2.08095e-01
-1.63595e-01
-1.27504e-01
-6.11644e-02
7.78172e-02
2.26169e-01
3.01933e-01
3.12969e-01
2.98136e-01
2.72226e-01
2.49954e-01
2.33206e-01
1.93910e-01
1.11792e-01
8.27760e-04
-1.10291e-01
-2.08550e-01
-2.91268e-01
-3.41912e-01
-3.54416e-01
-3.40788e-01
-3.03559e-01
-2.38643e-01
-1.53760e-01
-6.29834e-02
2.71826e-02
1.12470e-01
1.88072e-01
2.45525e-01
2.71142e-01
2.61362e-01
2.27970e-01
1.80064e-01
1.19276e-01
5.44563e-02
-6.48154e-03
-6.54724e-02
-1.33592e-01
-2.25777e-01
-3.05519e-01
-3.11658e-01
-2.59418e-01
-1.90679e-01
-1.00745e-01
1.11800e-02
1.04366e-01
1.53173e-01
1.86616e-01
2.18784e-01
2.28397e-01
2.18415e-01
1.96532e-01
1.50600e-01
9.98060e-02
7.12149e-02
2.26408e-02
-8.14596e-02
-1.80001e-01
-2.17413e-01
-2.29801e-01
-2.44147e-01
-2.23995e-01
-1.58084e-01
-7.55375e-02
8.38248e-03
9.46053e-02
1.87837e-01
2.95158e-01
3.82256e-01
3.63988e-01
1.93035e-01
-6.63245e-02
-2.59803e-01
-3.11269e-01
-3.08339e-01
-3.36642e-01
-3.76808e-01
-4.00034e-01
-4.20068e-01
-4.27709e-01
-3.97953e-01
-3.24954e-01
-1.94823e-01
-3.81442e-02
6.11879e-02
1.39044e-01
3.03590e-01
5.02647e-01
6.24001e-01
6.48535e-01
5.79274e-01
4.29884e-01
2.69772e-01
1.71975e-01
1.16735e-01
3.64283e-02
-6.26555e-02
-1.40975e-01
-1.95009e-01
-2.15385e-01
-1.82798e-01
-1.21502e-01
-9.97155e-02
-1.42158e-01
-1.72056e-01
-1.27936e-01
-3.53757e-02
8.99426e-02
2.32897e-01
3.21676e-01
3.36805e-01
3.47426e-01
3.54872e-01
2.98207e-01
1.93880e-01
1.01401e-01
3.26447e-02
-2.66365e-02
-7.32840e-02
-1.07355e-01
-1.47385e-01
-2.28424e-01
-3.28717e-01
-3.56349e-01
-2.94218e-01
-1.87915e-01
-8.08435e-02
-2.11146e-02
-7.98716e-03
1.48899e-02
7.57885e-02
1.39712e-01
1.66929e-01
1.51254e-01
1.04772e-01
4.11460e-02
-1.73732e-02
-4.99050e-02
-5.98280e-02
-6.03659e-02
-5.33844e-02
-3.44225e-02
-3.55868e-03
2.88512e-02
4.80408e-02
5.65026e-02
6.63843e-02
7.87064e-02
9.00698e-02
9.75746e-02
7.83408e-02
-5.97645e-03
-1.20657e-01
-1.77170e-01
-1.75498e-01
-1.73514e-01
-1.84624e-01
-1.93708e-01
-1.90334e-01
-1.52999e-01
-5.28372e-02
7.16938e-02
1.42715e-01
1.64413e-01
1.81191e-01
2.00440e-01
2.22591e-01
2.44456e-01
2.39407e-01
1.89091e-01
1.09024e-01
2.12535e-02
-7.99965e-02
-1.91831e-01
-2.60522e-01
-2.58177e-01
-2.20164e-01
-1.76682e-01
-1.32857e-01
-9.19314e-02
-5.28745e-02
-7.00300e-03
3.50105e-02
5.32242e-02
4.82507e-02
3.22517e-02
1.89587e-02
5.44486e-03
-1.97159e-02
-5.05086e-02
-8.42011e-02
-1.23382e-01
-1.50735e-01
-1.50736e-01
-1.43854e-01
-1.49665e-01
-1.33892e-01
-6.70629e-02
3.91417e-02
1.68679e-01
2.61121e-01
2.67238e-01
2.44166e-01
2.45284e-01
2.47356e-01
2.24126e-01
1.81341e-01
1.37347e-01
1.00371e-01
6.58778e-02
3.13609e-02
-1.33312e-03
-3.32394e-02
-6.03935e-02
-7.41346e-02
-6.69514e-02
-3.82630e-02
-7.45286e-03
1.47276e-02
2.95821e-02
2.23226e-02
-3.24673e-03
-2.45103e-02
-5.84795e-02
-1.39500e-01
-2.31437e-01
-2.66827e-01
-2.60282e-01
-2.52314e-01
-2.31891e-01
-1.90692e-01
-1.49344e-01
-1.10274e-01
-4.69602e-02
4.25818e-02
1.32023e-01
2.27890e-01
3.39354e-01
4.10112e-01
4.03751e-01
3.66064e-01
3.24812e-01
2.63424e-01
1.90427e-01
1.21245e-01
4.26209e-02
-4.77101e-02
-1.30943e-01
-1.86840e-01
-1.98510e-01
-1.95154e-01
-2.32940e-01
-2.89497e-01
-2.72462e-01
-1.58295e-01
-3.43141e-02
6.35257e-03
-5.26003e-02
-1.28837e-01
-1.21873e-01
-3.57160e-02
6.38782e-02
1.49875e-01
2.39289e-01
3.24834e-01
2.99802e-01
1.22449e-01
-1.02912e-01
-3.01293e-01
-3.95307e-01
-3.55423e-01
-3.00067e-01
-3.08388e-01
-3.12709e-01
-2.64338e-01
-2.11168e-01
-1.54053e-01
-6.75311e-02
8.81809e-03
4.72200e-02
5.06366e-02
2.76201e-02
4.25250e-02
1.39681e-01
2.55952e-01
3.22458e-01
3.17039e-01
2.42635e-01
1.58384e-01
1.37643e-01
1.64936e-01
1.90699e-01
2.06550e-01
1.87340e-01
1.22259e-01
5.44160e-02
9.93658e-03
-1.52453e-02
-3.03296e-02
-4.70956e-02
-7.07056e-02
-8.95126e-02
-8.18460e-02
-4.33456e-02
7.12129e-03
3.70378e-02
2.77780e-02
5.69029e-03
5.26341e-03
2.20322e-02
2.88250e-02
2.02821e-02
1.05708e-02
6.36295e-04
-3.91390e-02
-1.23482e-01
-1.86735e-01
-1.82650e-01
-1.54654e-01
-1.29135e-01
-1.00204e-01
-7.88384e-02
-6.56480e-02
-4.07052e-02
-5.93969e-03
2.14967e-02
5.36721e-02
1.01318e-01
1.48211e-01
1.76893e-01
1.69902e-01
1.28099e-01
7.92370e-02
4.12960e-02
1.29475e-02
-1.08895e-02
-3.45746e-02
-8.12062e-02
-1.92828e-01
-3.19124e-01
-3.33955e-01
-2.23418e-01
-5.07372e-02
1.52890e-01
3.50341e-01
4.74978e-01
4.93139e-01
4.30848e-01
3.32825e-01
2.43564e-01
1.74176e-01
1.17123e-01
8.73961e-02
8.49282e-02
7.90825e-02
5.34558e-02
1.49791e-02
-2.89219e-02
-6.25108e-02
-7.03917e-02
-7.13682e-02
-8.98854e-02
-1.41582e-01
-2.34854e-01
-2.98639e-01
-2.58305e-01
-1.59408e-01
-8.02456e-02
-4.67354e-02
-3.68499e-02
-4.83570e-02
-1.05769e-01
-1.47431e-01
-1.06786e-01
-4.12778e-02
-2.24573e-02
-3.98333e-02
-5.82740e-02
-7.24596e-02
-8.32522e-02
-7.60775e-02
-1.04351e-02
1.44927e-01
3.72566e-01
6.13751e-01
7.29130e-01
6.29051e-01
3.37079e-01
-8.95691e-02
-4.58104e-01
-5.83669e-01
-5.30711e-01
-4.87344e-01
-5.25969e-01
-5.67343e-01
-5.46571e-01
-4.93038e-01
-4.42862e-01
-3.80489e-01
-2.80512e-01
-1.58964e-01
-4.24482e-02
6.83541e-02
1.74802e-01
2.69874e-01
3.42451e-01
3.88560e-01
4.26176e-01
4.47451e-01
4.13878e-01
3.30717e-01
2.29919e-01
1.34391e-01
5.25591e-02
-4.06370e-02
-1.44450e-01
-2.00306e-01
-1.79519e-01
-1.07495e-01
-3.09046e-02
1.28269e-02
3.03895e-02
3.90122e-02
5.04150e-02
6.35414e-02
5.63853e-02
2.88955e-02
5.93423e-03
-1.20981e-03
-1.44759e-02
-3.02499e-02
-1.80720e-02
-3.92243e-02
-1.36532e-01
-1.97841e-01
-1.50855e-01
-5.66879e-02
3.75159e-02
1.32311e-01
2.05235e-01
2.34791e-01
2.36405e-01
2.31299e-01
2.27681e-01
2.16072e-01
1.81337e-01
1.22623e-01
4.93085e-02
-3.43675e-02
-1.21741e-01
-1.97364e-01
-2.52581e-01
-2.84888e-01
-2.95529e-01
-2.91640e-01
-2.74713e-01
-2.34055e-01
-1.59600e-01
-5.67699e-02
6.28499e-02
1.78933e-01
2.43702e-01
2.43622e-01
2.34676e-01
2.52993e-01
2.75045e-01
2.72552e-01
2.81741e-01
3.98690e-01
5.84498e-01
5.87582e-01
2.71222e-01
-2.61818e-01
-7.79222e-01
-9.78293e-01
-8.34879e-01
-6.41553e-01
-5.48574e-01
-4.72677e-01
-3.81238e-01
-3.27009e-01
-2.78345e-01
-1.78909e-01
-5.23041e-02
5.18611e-02
1.12902e-01
1.46173e-01
1.91237e-01
2.67938e-01
3.46325e-01
3.85096e-01
3.67419e-01
2.98406e-01
2.20183e-01
1.76758e-01
1.56842e-01
1.32293e-01
1.11497e-01
1.08563e-01
1.08746e-01
1.04455e-01
9.82479e-02
8.70204e-02
6.96040e-02
4.08879e-02
-2.29364e-03
-5.06031e-02
-8.51524e-02
-1.01218e-01
-1.14576e-01
-1.33584e-01
-1.54182e-01
-1.71859e-01
-1.79180e-01
-1.67420e-01
-1.40810e-01
-1.11942e-01
-8.23101e-02
-4.66014e-02
-6.09712e-03
3.49892e-02
7.06925e-02
9.22116e-02
1.01159e-01
1.14531e-01
1.46827e-01
1.90375e-01
2.20189e-01
2.05078e-01
9.85923e-02
-7.15343e-02
-1.28897e-01
1.44207e-04
1.65893e-01
2.86122e-01
3.73700e-01
3.56659e-01
2.20537e-01
1.02600e-01
6.55578e-02
3.06837e-02
-4.02390e-02
-1.21217e-01
-2.16647e-01
-3.17777e-01
-3.71016e-01
-3.63404e-01
-3.24290e-01
-2.78465e-01
-2.39936e-01
-1.98334e-01
-1.37687e-01
-5.94407e-02
2.78769e-02
1.14036e-01
1.86494e-01
2.39897e-01
2.75231e-01
2.84646e-01
2.63376e-01
2.23494e-01
1.74830e-01
1.20405e-01
7.02274e-02
3.14447e-02
-6.90161e-03
-5.75997e-02
-1.11211e-01
-1.50208e-01
-1.33424e-01
-6.51427e-02
-8.37021e-02
-2.14485e-01
-2.82067e-01
-2.05743e-01
-6.12076e-02
5.06309e-02
6.18296e-02
-4.56243e-02
-1.74700e-01
-7.88750e-02
4.72833e-01
1.35958e+00
2.03898e+00
2.19307e+00
1.90354e+00
1.19003e+00
1.82870e-01
-8.56471e-01
-1.83120e+00
-2.59558e+00
-2.80928e+00
-2.40788e+00
-1.83404e+00
-1.45647e+00
-1.20986e+00
-9.34042e-01
-6.68983e-01
-4.65954e-01
-2.22835e-01
1.08808e-01
4.11764e-01
6.00391e-01
7.25794e-01
8.29700e-01
8.90044e-01
9.11595e-01
9.15660e-01
8.74729e-01
7.58124e-01
5.82557e-01
3.89039e-01
2.14907e-01
5.93387e-02
-1.06170e-01
-2.28291e-01
-2.11242e-01
-9.31479e-02
1.54317e-02
7.83145e-02
1.18911e-01
1.45230e-01
1.64532e-01
1.81897e-01
1.42952e-01
4.02380e-02
-3.76918e-02
-5.72773e-02
-7.81191e-02
-1.27841e-01
-1.70924e-01
-1.80866e-01
-1.45075e-01
-5.99442e-02
2.99031e-02
7.42717e-02
8.45304e-02
9.23120e-02
1.13271e-01
1.52405e-01
2.18356e-01
3.02467e-01
3.50120e-01
3.36275e-01
2.91672e-01
2.33617e-01
1.56660e-01
7.53756e-02
2.39073e-03
-8.87455e-02
-2.27100e-01
-4.10690e-01
-5.66543e-01
-6.05541e-01
-5.57163e-01
-5.01381e-01
-4.38682e-01
-3.44449e-01
-2.42610e-01
-1.45872e-01
-4.09071e-03
1.94837e-01
3.60983e-01
4.35107e-01
4.51209e-01
4.34762e-01
3.86835e-01
3.30456e-01
2.75619e-01
2.09096e-01
1.28719e-01
4.28647e-02
-2.92671e-02
-7.52065e-02
-1.21110e-01
-1.75643e-01
-1.77251e-01
-1.04700e-01
-1.55943e-02
5.78824e-02
9.71848e-02
7.91031e-02
1.38124e-02
-5.93238e-02
-9.60615e-02
-9.90401e-02
-1.07553e-01
-1.25772e-01
-1.34038e-01
-1.32712e-01
-1.20692e-01
-8.96553e-02
-4.95969e-02
-1.35570e-02
1.95714e-02
5.27695e-02
8.93228e-02
1.31955e-01
1.55250e-01
1.17648e-01
3.66122e-02
-2.97722e-02
-6.33123e-02
-7.23932e-02
-6.72954e-02
-6.24676e-02
-6.65215e-02
-7.44638e-02
-7.14471e-02
-4.41446e-02
3.13092e-03
4.22019e-02
4.84637e-02
2.78076e-02
1.08665e-02
2.18760e-02
4.22086e-02
2.93956e-02
-3.41532e-02
-1.12375e-01
-1.29213e-01
-7.14180e-02
-8.49232e-03
3.30323e-02
7.21901e-02
7.92266e-02
5.06310e-02
5.07460e-02
9.96560e-02
1.90204e-01
2.98125e-01
3.38519e-01
2.80358e-01
1.97109e-01
1.42193e-01
1.11710e-01
9.06190e-02
4.29386e-02
-5.10139e-02
-1.47709e-01
-1.99557e-01
-2.18181e-01
-2.27878e-01
-2.28017e-01
-2.35151e-01
-2.42556e-01
-2.10659e-01
-1.59068e-01
-1.37834e-01
-1.51327e-01
-1.62147e-01
-1.38143e-01
-9.21468e-02
-4.66183e-02
1.30514e-02
9.57973e-02
1.47279e-01
1.40786e-01
1.37037e-01
1.61055e-01
1.73332e-01
1.61898e-01
1.45714e-01
1.23706e-01
8.63873e-02
4.68338e-02
7.92800e-03
-3.97423e-02
-6.96264e-02
-7.26643e-02
-1.02191e-01
-1.70314e-01
-2.14703e-01
-2.12875e-01
-1.94959e-01
-1.57513e-01
-9.75603e-02
-4.32681e-02
-1.21618e-02
-9.99479e-03
-2.78387e-04
4.86181e-02
9.09212e-02
9.57281e-02
6.94055e-02
1.30858e-02
-2.97460e-02
-2.09563e-02
-7.27679e-05
-1.43264e-02
-5.04289e-02
-7.33042e-02
-7.13366e-02
-3.48125e-02
3.60154e-02
1.06367e-01
1.49752e-01
1.71785e-01
1.85301e-01
1.96953e-01
2.07098e-01
2.12644e-01
2.07301e-01
1.77439e-01
1.16575e-01
4.02676e-02
-3.26188e-02
-9.12255e-02
-1.31162e-01
-1.70847e-01
-2.26019e-01
-2.51187e-01
-1.79636e-01
-4.66783e-02
2.75493e-03
-1.02784e-01
-2.51870e-01
-3.07316e-01
-2.57451e-01
-1.64801e-01
-8.25518e-02
-3.89469e-02
-4.67033e-02
-9.22904e-02
-1.29677e-01
-1.13837e-01
-3.78478e-02
1.21853e-02
-3.80106e-02
-5.91972e-02
8.12193e-02
2.85768e-01
4.17643e-01
4.65759e-01
4.30971e-01
2.96958e-01
1.67870e-01
1.50518e-01
1.56784e-01
8.94193e-02
6.07175e-03
-5.15166e-02
-1.19580e-01
-1.74889e-01
-1.72211e-01
-1.53718e-01
-1.66397e-01
-1.74744e-01
-1.43332e-01
-9.42609e-02
-4.01968e-02
2.33543e-02
7.69793e-02
1.04169e-01
1.22560e-01
1.47926e-01
1.49761e-01
1.05964e-01
7.35322e-02
9.82365e-02
1.27082e-01
1.22624e-01
1.18156e-01
1.14491e-01
8.15349e-02
3.31602e-02
-3.50998e-03
-2.62745e-02
-3.11941e-02
-1.89388e-02
-1.14006e-02
-2.03245e-02
-2.51170e-02
-1.36389e-02
-4.47275e-03
-9.65183e-03
-3.06967e-02
-7.43637e-02
-1.30706e-01
-1.72273e-01
-1.91943e-01
-2.02075e-01
-2.05584e-01
-1.95027e-01
-1.64527e-01
-1.13357e-01
-4.61009e-02
2.70541e-02
8.96118e-02
1.29693e-01
1.58095e-01
1.88205e-01
2.10041e-01
2.13546e-01
2.03271e-01
1.78716e-01
1.34873e-01
7.88167e-02
2.11311e-02
-3.61923e-02
-8.92516e-02
-1.31117e-01
-1.61312e-01
-1.78499e-01
-1.78685e-01
-1.62812e-01
-1.33848e-01
-9.55244e-02
-5.50976e-02
-2.02202e-02
5.50533e-03
2.03210e-02
2.12077e-02
7.35856e-03
-1.75900e-02
-4.81017e-02
-7.84016e-02
-1.03751e-01
-1.21727e-01
-1.32431e-01
-1.36870e-01
-1.30563e-01
-1.03984e-01
-5.77245e-02
-4.50333e-03
4.60880e-02
9.50055e-02
1.51550e-01
2.23901e-01
3.00353e-01
3.54789e-01
3.70091e-01
3.41018e-01
2.80083e-01
2.12909e-01
1.53442e-01
9.46633e-02
2.71252e-02
-4.41283e-02
-1.11365e-01
-1.70524e-01
-2.11612e-01
-2.25232e-01
-2.20497e-01
-2.33949e-01
-2.76444e-01
-2.87747e-01
-2.31211e-01
-1.36456e-01
-2.73544e-02
7.22883e-02
1.18726e-01
1.09064e-01
9.51632e-02
1.05423e-01
1.27244e-01
1.43473e-01
1.34408e-01
9.81746e-02
6.42727e-02
2.37330e-02
-5.45959e-02
-1.26322e-01
-1.33971e-01
-1.17756e-01
-1.47311e-01
-1.98090e-01
-2.19298e-01
-2.11086e-01
-1.74563e-01
-1.10172e-01
-4.58021e-02
-4.75227e-03
2.56726e-02
6.60671e-02
9.63135e-02
8.19886e-02
4.44096e-02
3.53870e-02
1.02291e-01
2.29188e-01
3.09827e-01
2.88686e-01
1.98517e-01
9.59385e-02
2.79312e-02
-4.28910e-03
-1.36147e-02
-1.02972e-02
-7.34689e-03
-8.18436e-03
-7.78567e-03
8.54566e-03
4.15755e-02
7.18815e-02
8.88466e-02
9.13090e-02
7.85320e-02
5.76318e-02
4.31730e-02
3.41012e-02
-5.00571e-03
-1.09657e-01
-2.40906e-01
-2.99627e-01
-2.73441e-01
-2.69336e-01
-3.66702e-01
-5.01524e-01
-6.07041e-01
-6.78373e-01
-5.97697e-01
-3.26438e-01
1.45480e-03
3.55961e-01
7.85876e-01
1.17742e+00
1.29068e+00
1.09071e+00
7.82127e-01
5.45991e-01
4.08720e-01
4.41681e-01
6.11306e-01
4.96276e-01
-7.76448e-02
-8.00339e-01
-1.15592e+00
-8.70820e-01
-3.61158e-01
-1.72903e-01
-3.86864e-01
-6.23732e-01
-5.94084e-01
-4.15498e-01
-2.55913e-01
-1.36262e-01
-4.45673e-02
-3.86324e-02
-1.01287e-01
-1.04262e-01
-1.18704e-02
6.88978e-02
6.33987e-02
1.07719e-02
-3.88122e-02
-6.70061e-02
-4.11146e-02
4.31831e-02
1.26156e-01
1.59945e-01
1.73170e-01
2.37083e-01
3.67072e-01
4.85996e-01
5.05777e-01
4.34270e-01
3.38522e-01
2.61576e-01
2.20257e-01
1.94815e-01
1.33872e-01
2.26856e-02
-9.23358e-02
-1.67848e-01
-1.96361e-01
-1.83983e-01
-1.65731e-01
-1.87577e-01
-2.42946e-01
-2.74884e-01
-2.42835e-01
-1.75014e-01
-1.20391e-01
-8.78734e-02
-7.87329e-02
-9.51953e-02
-1.10470e-01
-9.87297e-02
-6.57656e-02
-3.34196e-02
-1.21775e-02
4.32401e-03
2.34763e-02
4.84298e-02
7.79742e-02
1.06594e-01
1.23295e-01
1.16350e-01
8.51276e-02
4.22463e-02
8.97367e-03
-8.01485e-03
-2.15706e-02
-3.40953e-02
-4.13133e-02
-5.07159e-02
-6.58882e-02
-7.94751e-02
-8.45611e-02
-7.58232e-02
-5.10389e-02
-2.09958e-02
3.51846e-03
4.24287e-02
1.17239e-01
2.03550e-01
2.51344e-01
2.30970e-01
1.49767e-01
4.23299e-02
-3.95298e-02
-6.16264e-02
-5.03972e-02
-5.26818e-02
-8.01769e-02
-1.29343e-01
-1.77307e-01
-1.72237e-01
-1.06450e-01
-2.79820e-02
3.87480e-02
9.76854e-02
1.48679e-01
1.94940e-01
1.76327e-01
3.08087e-02
-9.36101e-02
-5.11167e-02
6.90212e-02
1.92066e-01
3.44846e-01
4.69704e-01
4.68058e-01
3.59105e-01
2.14983e-01
8.29974e-02
-1.38217e-02
-8.74000e-02
-1.23725e-01
-1.13034e-01
-1.01990e-01
-1.25811e-01
-2.03664e-01
-2.96486e-01
-2.93863e-01
-1.90267e-01
-9.84634e-02
-7.80539e-02
-1.03158e-01
-1.46722e-01
-1.72503e-01
-1.04729e-01
2.89737e-02
8.35807e-02
4.47060e-02
2.42377e-02
5.70079e-02
8.55712e-02
5.33473e-02
-2.95593e-02
-1.06329e-01
-1.81949e-01
-2.39784e-01
-1.21134e-01
2.85163e-01
9.13853e-01
1.46210e+00
1.61113e+00
1.30648e+00
5.71150e-01
-4.60709e-01
-1.42950e+00
-1.86751e+00
-1.65011e+00
-1.25246e+00
-1.06488e+00
-9.54789e-01
-7.20080e-01
-4.80748e-01
-3.51591e-01
-2.21661e-01
-1.50159e-02
2.16497e-01
3.94312e-01
5.07075e-01
5.78658e-01
6.09190e-01
6.00830e-01
5.63698e-01
4.85000e-01
3.56068e-01
1.87021e-01
2.29692e-03
-1.61534e-01
-2.82747e-01
-3.53368e-01
-3.75839e-01
-3.63871e-01
-3.21231e-01
-2.41262e-01
-1.30739e-01
-2.69444e-03
1.20395e-01
2.18483e-01
2.82581e-01
3.14479e-01
3.01620e-01
4.12530e-02
-4.58882e-01
-6.98807e-01
-6.13963e-01
-6.31244e-01
-7.33462e-01
-7.56993e-01
-7.45900e-01
-5.20107e-01
-1.13059e-01
1.20329e-01
2.12843e-01
4.34251e-01
8.98367e-01
1.47868e+00
1.92237e+00
2.11708e+00
2.11346e+00
1.93359e+00
1.59176e+00
1.24181e+00
9.82163e-01
5.72455e-01
-9.80946e-02
-6.62696e-01
-9.82149e-01
-1.22460e+00
-1.29256e+00
-1.07779e+00
-7.99944e-01
-6.26843e-01
-4.60499e-01
-2.11068e-01
7.07645e-02
2.81140e-01
3.84573e-01
3.96840e-01
3.11210e-01
1.11899e-01
-1.62527e-01
-3.40644e-01
-3.93288e-01
-5.08418e-01
-5.89085e-01
-4.43242e-01
-2.18349e-01
-2.87666e-02
1.82076e-01
3.38197e-01
3.48414e-01
3.13226e-01
3.40736e-01
4.09558e-01
4.53576e-01
4.21207e-01
3.02680e-01
1.56564e-01
1.75735e-01
4.34362e-01
5.61407e-01
2.23068e-01
-4.51922e-01
-1.18113e+00
-1.54490e+00
-1.12707e+00
-9.84140e-02
9.06640e-01
1.39997e+00
1.32596e+00
8.66359e-01
1.59412e-01
-7.56776e-01
-1.71194e+00
-2.27143e+00
-2.06282e+00
-1.23928e+00
-4.59772e-01
-1.32162e-01
-1.29144e-01
-2.40144e-01
-2.96449e-01
-1.72400e-01
7.02186e-02
2.87888e-01
3.92542e-01
3.90110e-01
3.39531e-01
3.25528e-01
4.39025e-01
5.76517e-01
5.85350e-01
5.08047e-01
4.30043e-01
3.64290e-01
3.31504e-01
3.35789e-01
2.86272e-01
1.69429e-01
6.21565e-02
-3.89885e-02
-1.22155e-01
-1.34581e-01
-1.00859e-01
-8.28862e-02
-1.09896e-01
-1.65127e-01
-2.13362e-01
-2.52215e-01
-2.79835e-01
-2.60406e-01
-1.73352e-01
-5.06502e-02
5.04053e-02
9.09728e-02
8.44168e-02
1.13775e-01
2.28467e-01
3.52420e-01
4.09616e-01
3.96222e-01
2.88516e-01
9.75466e-02
-4.77848e-02
-5.31879e-02
4.88884e-03
1.18398e-02
-2.58486e-02
-5.15971e-02
-5.78248e-02
-4.99850e-02
9.91348e-03
9.41447e-02
4.09505e-02
-1.48898e-01
-2.39323e-01
-1.48961e-01
-2.41542e-02
3.06167e-02
1.34726e-02
-5.34452e-02
-1.15434e-01
-1.19724e-01
-9.28535e-02
-9.97381e-02
-1.53908e-01
-2.12577e-01
-2.48443e-01
-2.56134e-01
-2.15459e-01
-1.23250e-01
-1.22636e-02
8.26835e-02
1.44119e-01
1.84405e-01
2.22528e-01
2.56653e-01
3.17219e-01
4.56859e-01
6.14085e-01
5.96861e-01
2.99576e-01
-1.65606e-01
-5.12103e-01
-5.49765e-01
-4.47973e-01
-4.26409e-01
-4.52631e-01
-4.43022e-01
-4.29548e-01
-4.21006e-01
-3.47897e-01
-2.09593e-01
-8.28604e-02
4.87937e-03
8.07520e-02
1.35120e-01
1.43286e-01
1.44939e-01
2.02242e-01
2.88714e-01
3.37830e-01
3.31195e-01
2.65888e-01
1.54975e-01
5.66828e-02
-8.86985e-02
-4.35853e-01
-7.60898e-01
-7.39510e-01
-5.17547e-01
-2.60328e-01
1.10923e-01
5.67053e-01
9.55719e-01
1.25616e+00
1.48687e+00
1.49510e+00
1.17748e+00
6.89317e-01
2.93207e-01
5.04411e-02
-1.90760e-01
-4.67599e-01
-6.71453e-01
-7.95655e-01
-9.20992e-01
-9.71186e-01
-8.28605e-01
-5.96348e-01
-4.01373e-01
-2.36196e-01
-9.95936e-02
-1.08344e-02
6.40570e-02
1.68125e-01
2.74846e-01
3.42087e-01
3.51344e-01
2.47860e-01
2.92075e-02
-1.61366e-01
-2.17701e-01
-2.19617e-01
-2.67946e-01
-3.17897e-01
-2.97439e-01
-2.23300e-01
-1.28460e-01
-3.60353e-02
1.93850e-02
2.59876e-02
2.48402e-02
6.62424e-02
1.50581e-01
2.34065e-01
2.75162e-01
2.61052e-01
2.09407e-01
1.60539e-01
1.45073e-01
1.79755e-01
3.28153e-01
6.80514e-01
1.12644e+00
1.36172e+00
1.23229e+00
7.78022e-01
8.84353e-02
-7.19633e-01
-1.52780e+00
-2.04181e+00
-1.95260e+00
-1.49482e+00
-1.14382e+00
-9.74116e-01
-7.94626e-01
-5.93821e-01
-4.73124e-01
-3.64928e-01
-2.34376e-01
-1.83223e-01
-1.51961e-01
4.31586e-02
3.73554e-01
6.62792e-01
8.44641e-01
9.21683e-01
8.01889e-01
2.43155e-01
-5.44856e-01
-9.25356e-01
-9.66038e-01
-1.02488e+00
-8.99324e-01
-4.56305e-01
2.57898e-02
4.43627e-01
9.74609e-01
1.58902e+00
2.04101e+00
2.21588e+00
2.23472e+00
2.23628e+00
2.19216e+00
2.00897e+00
1.72804e+00
1.34533e+00
6.06224e-01
-4.54194e-01
-1.45275e+00
-2.10970e+00
-2.30450e+00
-2.15524e+00
-1.82868e+00
-1.40673e+00
-9.93619e-01
-6.60003e-01
-3.65355e-01
-3.04857e-02
2.83484e-01
4.67903e-01
5.43570e-01
5.76018e-01
5.57635e-01
4.52629e-01
2.87486e-01
1.23997e-01
-2.08012e-02
-1.54651e-01
-2.39129e-01
-2.62301e-01
-2.89089e-01
-3.08126e-01
-2.45205e-01
-1.12383e-01
2.69397e-02
1.47410e-01
2.49763e-01
3.13331e-01
2.85137e-01
1.19405e-01
-1.03244e-01
-2.36914e-01
-2.46418e-01
-9.78904e-02
3.17756e-01
1.02372e+00
1.70414e+00
1.87229e+00
1.54257e+00
1.03675e+00
4.30716e-01
-3.50268e-01
-1.32981e+00
-2.33897e+00
-3.05864e+00
-3.02007e+00
-2.11995e+00
-1.08453e+00
-5.68328e-01
-5.00428e-01
-5.41979e-01
-4.97980e-01
-3.15529e-01
-9.26992e-02
4.87044e-02
1.44099e-01
2.17909e-01
2.48538e-01
2.90545e-01
3.81010e-01
4.78329e-01
5.22600e-01
5.24530e-01
5.26782e-01
5.02852e-01
4.60718e-01
4.13900e-01
3.42855e-01
2.90474e-01
2.94942e-01
3.44218e-01
3.78844e-01
3.51289e-01
2.91214e-01
2.50281e-01
2.37201e-01
2.38575e-01
2.54960e-01
2.42287e-01
1.55349e-01
4.30474e-02
-2.40974e-02
-5.25263e-02
-6.61785e-02
-5.95775e-02
-5.75376e-02
-8.73321e-02
-1.36264e-01
-1.84116e-01
-2.23018e-01
-2.35675e-01
-2.13891e-01
-1.80545e-01
-1.52784e-01
-1.26436e-01
-9.93033e-02
-7.65618e-02
-4.35983e-02
1.00269e-02
6.73496e-02
1.16675e-01
1.60609e-01
2.16653e-01
2.87149e-01
3.32806e-01
3.29296e-01
2.93844e-01
2.42364e-01
1.73548e-01
9.89324e-02
4.14938e-02
-3.99702e-03
-6.20368e-02
-1.37213e-01
-2.19810e-01
-3.17848e-01
-4.20528e-01
-4.56027e-01
-3.62689e-01
-1.74634e-01
-1.96287e-02
1.25643e-02
-3.04503e-02
-6.75804e-02
-6.34995e-02
-5.98815e-03
8.38052e-02
1.42632e-01
1.26755e-01
6.16465e-02
-9.11338e-03
-5.82592e-02
-7.69944e-02
-8.21461e-02
-7.16466e-02
-9.67139e-03
8.63562e-02
1.50168e-01
1.82823e-01
2.16180e-01
2.28449e-01
2.05441e-01
1.78124e-01
1.58641e-01
1.26320e-01
7.19889e-02
2.48754e-02
9.39634e-03
-3.77253e-02
-1.83050e-01
-3.40958e-01
-3.89509e-01
-3.44523e-01
-2.72018e-01
-2.19822e-01
-2.16188e-01
-2.17918e-01
-1.79309e-01
-1.08854e-01
-2.16144e-02
7.34244e-02
1.63680e-01
2.35962e-01
2.64449e-01
2.38447e-01
1.95298e-01
1.65060e-01
1.61332e-01
1.83350e-01
1.58055e-01
1.43440e-02
-1.83692e-01
-2.99435e-01
-3.00788e-01
-2.67073e-01
-2.53423e-01
-2.50016e-01
-2.42888e-01
-2.30053e-01
-1.91437e-01
-1.20811e-01
-4.58954e-02
2.02210e-02
8.69458e-02
1.49479e-01
1.74969e-01
1.43048e-01
9.29955e-02
1.00024e-01
1.80626e-01
2.55189e-01
2.56096e-01
1.98090e-01
1.11450e-01
6.92498e-03
-6.50722e-02
-4.91539e-02
1.85451e-02
8.75964e-02
1.53966e-01
1.70331e-01
1.33019e-01
1.53571e-01
2.58738e-01
3.46678e-01
3.44128e-01
2.51528e-01
1.06027e-01
-3.66897e-02
-1.52000e-01
-2.59562e-01
-3.26511e-01
-3.02920e-01
-2.79294e-01
-3.43337e-01
-3.97606e-01
-3.56597e-01
-2.74673e-01
-2.12718e-01
-1.55752e-01
-8.57261e-02
-3.19697e-02
6.56166e-03
5.53796e-02
9.60543e-02
1.26407e-01
1.91153e-01
2.69308e-01
2.89520e-01
2.57015e-01
2.13022e-01
1.65135e-01
1.24392e-01
1.04083e-01
8.15941e-02
1.21568e-02
-1.11842e-01
-2.18981e-01
-2.47901e-01
-2.30535e-01
-2.08120e-01
-1.73370e-01
-1.10248e-01
-3.44443e-02
1.94840e-02
5.49235e-02
9.17802e-02
1.20272e-01
1.66639e-01
3.15726e-01
5.27740e-01
5.69367e-01
2.92491e-01
-1.31444e-01
-3.16179e-01
-2.59824e-02
6.28819e-01
1.19475e+00
1.19662e+00
6.66223e-01
-1.34542e-01
-1.04635e+00
-1.71953e+00
-1.72963e+00
-1.23633e+00
-8.54395e-01
-7.87906e-01
-7.53094e-01
-5.79097e-01
-3.85994e-01
-2.21610e-01
-1.33475e-02
1.72551e-01
2.00420e-01
1.12047e-01
8.43701e-02
1.72728e-01
2.98044e-01
4.08358e-01
4.81281e-01
4.71683e-01
3.90257e-01
3.58064e-01
4.44527e-01
4.74824e-01
2.17771e-01
-1.24397e-01
-1.74754e-01
-2.05234e-02
1.60577e-01
4.44654e-01
7.35100e-01
7.77337e-01
5.83919e-01
3.70168e-01
2.07408e-01
1.32518e-02
-1.90766e-01
-3.00239e-01
-3.90882e-01
-5.83733e-01
-6.90632e-01
-5.66013e-01
-3.82001e-01
-1.89236e-01
6.64621e-02
2.43815e-01
2.43272e-01
2.10504e-01
2.58254e-01
3.08395e-01
2.99959e-01
2.67931e-01
2.16917e-01
1.22434e-01
-5.40333e-03
-1.32509e-01
-2.24394e-01
-2.59709e-01
-2.39438e-01
-1.96560e-01
-1.64129e-01
-1.42765e-01
-1.16207e-01
-6.57692e-02
9.35266e-03
7.61886e-02
1.07504e-01
1.04206e-01
6.20153e-02
-4.45315e-02
-2.20365e-01
-3.72758e-01
-3.89216e-01
-2.92972e-01
-1.65218e-01
-4.67273e-02
3.99150e-02
1.00727e-01
1.55135e-01
2.15756e-01
2.74591e-01
2.96611e-01
2.74788e-01
2.46166e-01
2.32381e-01
2.14977e-01
1.77974e-01
1.25554e-01
5.73385e-02
-2.40255e-02
-9.62873e-02
-1.45178e-01
-1.80383e-01
-2.11785e-01
-2.36804e-01
-2.54367e-01
-2.58108e-01
-2.33416e-01
-1.84446e-01
-1.28149e-01
-7.90583e-02
-4.73298e-02
-2.88666e-02
-3.05446e-03
4.18062e-02
7.44228e-02
6.35228e-02
3.72201e-02
3.10949e-02
3.37221e-02
2.99651e-02
2.86270e-02
2.54211e-02
1.06670e-02
-2.15822e-03
-4.64042e-04
1.35976e-02
3.18296e-02
4.06829e-02
3.04925e-02
9.20280e-03
-1.77784e-02
-5.43181e-02
-9.14390e-02
-1.20571e-01
-1.47045e-01
-1.69548e-01
-1.74937e-01
-1.64346e-01
-1.47707e-01
-1.23583e-01
-9.11394e-02
-5.44593e-02
-1.23701e-02
3.65132e-02
8.92562e-02
1.30527e-01
1.28225e-01
8.18748e-02
-5.69974e-04
-8.86306e-02
-5.86364e-02
1.10410e-01
2.59629e-01
3.22167e-01
2.30237e-01
-6.49530e-02
-2.43809e-01
-1.39742e-01
1.06440e-02
1.58158e-01
4.27364e-01
7.35431e-01
8.31722e-01
6.68491e-01
4.28887e-01
2.52321e-01
1.74018e-01
3.21162e-01
6.55133e-01
6.75387e-01
1.68067e-01
-5.69236e-01
-1.19690e+00
-1.24329e+00
-5.86976e-01
1.12719e-01
3.12385e-01
5.30808e-02
-4.53335e-01
-8.50181e-01
-7.99480e-01
-4.78635e-01
-2.40648e-01
-1.02753e-01
2.67425e-03
2.18439e-02
-2.97782e-02
-4.08316e-02
1.21343e-02
5.44525e-02
5.68745e-02
6.08652e-02
1.02390e-01
1.65290e-01
2.11631e-01
2.48529e-01
2.66370e-01
2.45517e-01
2.10850e-01
1.81113e-01
1.48601e-01
1.10272e-01
8.51526e-02
8.25217e-02
8.89117e-02
7.05711e-02
2.44503e-02
-1.40017e-02
-3.43996e-02
-3.86539e-03
1.02626e-01
2.00963e-01
1.66298e-01
-7.07471e-03
-1.61254e-01
-1.77256e-01
-1.01408e-01
-6.89444e-03
3.11333e-02
-7.40414e-02
-2.55413e-01
-3.31126e-01
-2.85204e-01
-2.33026e-01
-2.00306e-01
-1.85522e-01
-2.26124e-01
-2.96593e-01
-2.94632e-01
-1.74087e-01
-7.82292e-03
1.21847e-01
1.94349e-01
2.20477e-01
2.31157e-01
2.55580e-01
2.85510e-01
2.77313e-01
1.62215e-01
-8.05826e-02
-2.90373e-01
-2.73865e-01
-9.16155e-02
1.01299e-01
1.19178e-01
-1.65346e-01
-4.19632e-01
-3.53752e-01
-1.63435e-01
2.41300e-03
1.72663e-01
2.79791e-01
2.74132e-01
2.85331e-01
3.87025e-01
4.66859e-01
4.48834e-01
4.18166e-01
4.65433e-01
5.61520e-01
6.18136e-01
5.44458e-01
3.21402e-01
6.22686e-02
-1.17067e-01
-2.16581e-01
-2.54620e-01
-2.24040e-01
-1.84804e-01
-2.22100e-01
-2.91165e-01
-2.85550e-01
-2.20455e-01
-1.70176e-01
-1.36943e-01
-1.04494e-01
-1.02361e-01
-1.28151e-01
-1.36468e-01
-8.07055e-02
1.58052e-01
5.67668e-01
7.59343e-01
4.57525e-01
-1.66808e-01
-7.35422e-01
-6.62936e-01
4.61272e-01
2.18560e+00
3.50204e+00
3.94913e+00
3.67862e+00
2.87944e+00
1.81790e+00
6.87805e-01
-3.89298e-01
-1.14819e+00
-1.44585e+00
-1.53427e+00
-1.68099e+00
-1.91869e+00
-2.34383e+00
-3.03063e+00
-3.82447e+00
-4.52129e+00
-5.01139e+00
-5.24609e+00
-4.96125e+00
-3.78060e+00
-2.13812e+00
-9.04048e-01
-2.42854e-01
2.02784e-01
6.76456e-01
1.13901e+00
1.54726e+00
1.89600e+00
2.12762e+00
2.25362e+00
2.33884e+00
2.33207e+00
2.12749e+00
1.82241e+00
1.56258e+00
1.31638e+00
1.02146e+00
6.93419e-01
4.15194e-01
2.50389e-01
2.00007e-01
2.08789e-01
1.23527e-01
-4.82480e-02
-8.98510e-02
3.76642e-02
1.09318e-01
6.67588e-02
1.08428e-01
2.09764e-01
2.85916e-01
4.69150e-01
7.72006e-01
9.28865e-01
7.40243e-01
3.51622e-01
1.19249e-02
-1.86971e-01
-3.23008e-01
-4.73680e-01
-6.07482e-01
-7.22099e-01
-8.34806e-01
-8.69814e-01
-7.70638e-01
-5.87117e-01
-3.79532e-01
-1.56464e-01
1.02605e-01
3.80330e-01
5.99397e-01
6.99439e-01
6.90303e-01
6.15569e-01
5.01799e-01
3.63066e-01
2.17435e-01
5.81295e-02
-1.42028e-01
-3.70953e-01
-5.56369e-01
-6.41242e-01
-6.32221e-01
-5.54249e-01
-4.30719e-01
-2.86804e-01
-1.41035e-01
-4.88696e-03
1.20017e-01
2.34162e-01
3.11663e-01
3.21750e-01
2.83152e-01
2.25768e-01
1.56311e-01
8.30426e-02
1.20574e-02
-5.58166e-02
-1.15950e-01
-1.56882e-01
-1.72228e-01
-1.77765e-01
-2.03228e-01
-2.38199e-01
-2.26677e-01
-1.47694e-01
-1.79139e-02
1.44476e-01
2.84257e-01
3.33847e-01
2.99698e-01
2.46162e-01
2.13718e-01
1.95669e-01
1.65973e-01
9.25736e-02
-5.80286e-02
-2.34726e-01
-3.05609e-01
-2.57974e-01
-2.01748e-01
-1.61980e-01
-1.01965e-01
-5.17201e-02
-1.87893e-02
4.68985e-02
1.34972e-01
1.99590e-01
2.36962e-01
2.51250e-01
2.35490e-01
1.95966e-01
1.46115e-01
9.17582e-02
1.70345e-02
-9.59168e-02
-2.01423e-01
-2.22643e-01
-1.89812e-01
-2.15081e-01
-2.91558e-01
-3.07912e-01
-2.44441e-01
-1.48857e-01
-3.57616e-02
4.52616e-02
4.01200e-02
6.33293e-03
3.69348e-03
-3.43113e-03
-3.45304e-02
-3.54400e-02
7.82578e-03
1.64492e-02
-2.54790e-02
-3.90272e-02
-7.64599e-03
3.30344e-02
9.78317e-02
1.81181e-01
1.96708e-01
1.23867e-01
5.80925e-02
5.58327e-02
7.84947e-02
8.28768e-02
6.39642e-02
2.58875e-02
-1.86871e-02
-4.79493e-02
-5.80715e-02
-5.66709e-02
-4.00510e-02
-3.52626e-03
3.90859e-02
6.13614e-02
5.95391e-02
5.47543e-02
4.27494e-02
-1.97079e-02
-1.54970e-01
-2.95404e-01
-3.50419e-01
-3.36738e-01
-3.24658e-01
-3.23353e-01
-3.12510e-01
-2.88910e-01
-2.36902e-01
-1.37345e-01
-8.31278e-03
1.18018e-01
2.23682e-01
2.94993e-01
3.28465e-01
3.21695e-01
2.77620e-01
2.33161e-01
2.05213e-01
1.62447e-01
9.44651e-02
2.42146e-02
-3.58483e-02
-8.71385e-02
-1.26588e-01
-1.42704e-01
-1.45931e-01
-1.86599e-01
-2.78930e-01
-3.30045e-01
-2.38521e-01
-4.24097e-02
1.59586e-01
3.51712e-01
4.89532e-01
4.72468e-01
2.59142e-01
-1.74956e-01
-6.20350e-01
-7.72091e-01
-7.32376e-01
-6.55772e-01
-4.65900e-01
-2.03573e-01
-1.45536e-02
1.34747e-01
3.32265e-01
5.22959e-01
6.26903e-01
6.39659e-01
6.08317e-01
5.71608e-01
5.50018e-01
5.84218e-01
6.83521e-01
8.12572e-01
9.34882e-01
1.05730e+00
1.12739e+00
9.12956e-01
3.92007e-01
-1.37600e-01
-4.57445e-01
-5.59564e-01
-5.67292e-01
-5.94136e-01
-6.63170e-01
-7.23020e-01
-6.96321e-01
-5.42749e-01
-3.54221e-01
-2.89258e-01
-3.50230e-01
-3.79873e-01
-2.84675e-01
-3.20716e-02
7.43811e-01
2.42423e+00
4.38802e+00
5.57478e+00
5.80733e+00
5.35621e+00
4.32695e+00
2.83155e+00
9.79209e-01
-1.02199e+00
-2.94913e+00
-4.72049e+00
-6.33638e+00
-7.80572e+00
-9.02679e+00
-9.42014e+00
-8.13378e+00
-5.67971e+00
-3.51690e+00
-2.04697e+00
-1.00986e+00
-2.78633e-01
4.21015e-01
1.29933e+00
2.04346e+00
2.45905e+00
2.78755e+00
3.02480e+00
3.03396e+00
2.90158e+00
2.74171e+00
2.55215e+00
2.25623e+00
1.84729e+00
1.41106e+00
1.03569e+00
7.61455e-01
5.45078e-01
3.53046e-01
2.04732e-01
9.46905e-02
-2.51201e-02
-1.28546e-01
-1.50849e-01
-1.39559e-01
-1.41565e-01
-1.36559e-01
-1.10670e-01
-9.08699e-02
-1.17618e-01
-2.01747e-01
-3.16139e-01
-4.06017e-01
-4.54335e-01
-4.59050e-01
-4.10529e-01
-3.31201e-01
