1,  46,  47,  52,  51,   1,   2,   7,   6
  2,  47,  48,  53,  52,   2,   3,   8,   7
  3,  48,  49,  54,  53,   3,   4,   9,   8
  4,  49,  50,  55,  54,   4,   5,  10,   9
  5,  51,  52,  57,  56,   6,   7,  12,  11
  6,  52,  53,  58,  57,   7,   8,  13,  12
  7,  53,  54,  59,  58,   8,   9,  14,  13
  8,  54,  55,  60,  59,   9,  10,  15,  14
  9,  56,  57,  62,  61,  11,  12,  17,  16
 10,  57,  58,  63,  62,  12,  13,  18,  17
 11,  58,  59,  64,  63,  13,  14,  19,  18
 12,  59,  60,  65,  64,  14,  15,  20,  19
 13,  61,  62,  67,  66,  16,  17,  22,  21
 14,  62,  63,  68,  67,  17,  18,  23,  22
 15,  63,  64,  69,  68,  18,  19,  24,  23
 16,  64,  65,  70,  69,  19,  20,  25,  24
 17,  66,  67,  72,  71,  21,  22,  27,  26
 18,  67,  68,  73,  72,  22,  23,  28,  27
 19,  68,  69,  74,  73,  23,  24,  29,  28
 20,  69,  70,  75,  74,  24,  25,  30,  29
 21,  71,  72,  77,  76,  26,  27,  32,  31
 22,  72,  73,  78,  77,  27,  28,  33,  32
 23,  73,  74,  79,  78,  28,  29,  34,  33
 24,  74,  75,  80,  79,  29,  30,  35,  34
 25,  76,  77,  82,  81,  31,  32,  37,  36
 26,  77,  78,  83,  82,  32,  33,  38,  37
 27,  78,  79,  84,  83,  33,  34,  39,  38
 28,  79,  80,  85,  84,  34,  35,  40,  39
 29,  81,  82,  87,  86,  36,  37,  42,  41
 30,  82,  83,  88,  87,  37,  38,  43,  42
 31,  83,  84,  89,  88,  38,  39,  44,  43
 32,  84,  85,  90,  89,  39,  40,  45,  44
 33,  91,  92,  97,  96,  46,  47,  52,  51
 34,  92,  93,  98,  97,  47,  48,  53,  52
 35,  93,  94,  99,  98,  48,  49,  54,  53
 36,  94,  95, 100,  99,  49,  50,  55,  54
 37,  96,  97, 102, 101,  51,  52,  57,  56
 38,  97,  98, 103, 102,  52,  53,  58,  57
 39,  98,  99, 104, 103,  53,  54,  59,  58
 40,  99, 100, 105, 104,  54,  55,  60,  59
 41, 101, 102, 107, 106,  56,  57,  62,  61
 42, 102, 103, 108, 107,  57,  58,  63,  62
 43, 103, 104, 109, 108,  58,  59,  64,  63
 44, 104, 105, 110, 109,  59,  60,  65,  64
 45, 106, 107, 112, 111,  61,  62,  67,  66
 46, 107, 108, 113, 112,  62,  63,  68,  67
 47, 108, 109, 114, 113,  63,  64,  69,  68
 48, 109, 110, 115, 114,  64,  65,  70,  69
 49, 111, 112, 117, 116,  66,  67,  72,  71
 50, 112, 113, 118, 117,  67,  68,  73,  72
 51, 113, 114, 119, 118,  68,  69,  74,  73
 52, 114, 115, 120, 119,  69,  70,  75,  74
 53, 116, 117, 122, 121,  71,  72,  77,  76
 54, 117, 118, 123, 122,  72,  73,  78,  77
 55, 118, 119, 124, 123,  73,  74,  79,  78
 56, 119, 120, 125, 124,  74,  75,  80,  79
 57, 121, 122, 127, 126,  76,  77,  82,  81
 58, 122, 123, 128, 127,  77,  78,  83,  82
 59, 123, 124, 129, 128,  78,  79,  84,  83
 60, 124, 125, 130, 129,  79,  80,  85,  84
 61, 126, 127, 132, 131,  81,  82,  87,  86
 62, 127, 128, 133, 132,  82,  83,  88,  87
 63, 128, 129, 134, 133,  83,  84,  89,  88
 64, 129, 130, 135, 134,  84,  85,  90,  89
 65, 136, 137, 142, 141,  91,  92,  97,  96
 66, 137, 138, 143, 142,  92,  93,  98,  97
 67, 138, 139, 144, 143,  93,  94,  99,  98
 68, 139, 140, 145, 144,  94,  95, 100,  99
 69, 141, 142, 147, 146,  96,  97, 102, 101
 70, 142, 143, 148, 147,  97,  98, 103, 102
 71, 143, 144, 149, 148,  98,  99, 104, 103
 72, 144, 145, 150, 149,  99, 100, 105, 104
 73, 146, 147, 152, 151, 101, 102, 107, 106
 74, 147, 148, 153, 152, 102, 103, 108, 107
 75, 148, 149, 154, 153, 103, 104, 109, 108
 76, 149, 150, 155, 154, 104, 105, 110, 109
 77, 151, 152, 157, 156, 106, 107, 112, 111
 78, 152, 153, 158, 157, 107, 108, 113, 112
 79, 153, 154, 159, 158, 108, 109, 114, 113
 80, 154, 155, 160, 159, 109, 110, 115, 114
 81, 156, 157, 162, 161, 111, 112, 117, 116
 82, 157, 158, 163, 162, 112, 113, 118, 117
 83, 158, 159, 164, 163, 113, 114, 119, 118
 84, 159, 160, 165, 164, 114, 115, 120, 119
 85, 161, 162, 167, 166, 116, 117, 122, 121
 86, 162, 163, 168, 167, 117, 118, 123, 122
 87, 163, 164, 169, 168, 118, 119, 124, 123
 88, 164, 165, 170, 169, 119, 120, 125, 124
 89, 166, 167, 172, 171, 121, 122, 127, 126
 90, 167, 168, 173, 172, 122, 123, 128, 127
 91, 168, 169, 174, 173, 123, 124, 129, 128
 92, 169, 170, 175, 174, 124, 125, 130, 129
 93, 171, 172, 177, 176, 126, 127, 132, 131
 94, 172, 173, 178, 177, 127, 128, 133, 132
 95, 173, 174, 179, 178, 128, 129, 134, 133
 96, 174, 175, 180, 179, 129, 130, 135, 134
 97, 181, 182, 187, 186, 136, 137, 142, 141
 98, 182, 183, 188, 187, 137, 138, 143, 142
 99, 183, 184, 189, 188, 138, 139, 144, 143
100, 184, 185, 190, 189, 139, 140, 145, 144
101, 186, 187, 192, 191, 141, 142, 147, 146
102, 187, 188, 193, 192, 142, 143, 148, 147
103, 188, 189, 194, 193, 143, 144, 149, 148
104, 189, 190, 195, 194, 144, 145, 150, 149
105, 191, 192, 197, 196, 146, 147, 152, 151
106, 192, 193, 198, 197, 147, 148, 153, 152
107, 193, 194, 199, 198, 148, 149, 154, 153
108, 194, 195, 200, 199, 149, 150, 155, 154
109, 196, 197, 202, 201, 151, 152, 157, 156
110, 197, 198, 203, 202, 152, 153, 158, 157
111, 198, 199, 204, 203, 153, 154, 159, 158
112, 199, 200, 205, 204, 154, 155, 160, 159
113, 201, 202, 207, 206, 156, 157, 162, 161
114, 202, 203, 208, 207, 157, 158, 163, 162
115, 203, 204, 209, 208, 158, 159, 164, 163
116, 204, 205, 210, 209, 159, 160, 165, 164
117, 206, 207, 212, 211, 161, 162, 167, 166
118, 207, 208, 213, 212, 162, 163, 168, 167
119, 208, 209, 214, 213, 163, 164, 169, 168
120, 209, 210, 215, 214, 164, 165, 170, 169
121, 211, 212, 217, 216, 166, 167, 172, 171
122, 212, 213, 218, 217, 167, 168, 173, 172
123, 213, 214, 219, 218, 168, 169, 174, 173
124, 214, 215, 220, 219, 169, 170, 175, 174
125, 216, 217, 222, 221, 171, 172, 177, 176
126, 217, 218, 223, 222, 172, 173, 178, 177
127, 218, 219, 224, 223, 173, 174, 179, 178
128, 219, 220, 225, 224, 174, 175, 180, 179
129, 226, 227, 232, 231, 181, 182, 187, 186
130, 227, 228, 233, 232, 182, 183, 188, 187
131, 228, 229, 234, 233, 183, 184, 189, 188
132, 229, 230, 235, 234, 184, 185, 190, 189
133, 231, 232, 237, 236, 186, 187, 192, 191
134, 232, 233, 238, 237, 187, 188, 193, 192
135, 233, 234, 239, 238, 188, 189, 194, 193
136, 234, 235, 240, 239, 189, 190, 195, 194
137, 236, 237, 242, 241, 191, 192, 197, 196
138, 237, 238, 243, 242, 192, 193, 198, 197
139, 238, 239, 244, 243, 193, 194, 199, 198
140, 239, 240, 245, 244, 194, 195, 200, 199
141, 241, 242, 247, 246, 196, 197, 202, 201
142, 242, 243, 248, 247, 197, 198, 203, 202
143, 243, 244, 249, 248, 198, 199, 204, 203
144, 244, 245, 250, 249, 199, 200, 205, 204
145, 246, 247, 252, 251, 201, 202, 207, 206
146, 247, 248, 253, 252, 202, 203, 208, 207
147, 248, 249, 254, 253, 203, 204, 209, 208
148, 249, 250, 255, 254, 204, 205, 210, 209
149, 251, 252, 257, 256, 206, 207, 212, 211
150, 252, 253, 258, 257, 207, 208, 213, 212
151, 253, 254, 259, 258, 208, 209, 214, 213
152, 254, 255, 260, 259, 209, 210, 215, 214
153, 256, 257, 262, 261, 211, 212, 217, 216
154, 257, 258, 263, 262, 212, 213, 218, 217
155, 258, 259, 264, 263, 213, 214, 219, 218
156, 259, 260, 265, 264, 214, 215, 220, 219
157, 261, 262, 267, 266, 216, 217, 222, 221
158, 262, 263, 268, 267, 217, 218, 223, 222
159, 263, 264, 269, 268, 218, 219, 224, 223
160, 264, 265, 270, 269, 219, 220, 225, 224
161, 271, 272, 277, 276, 226, 227, 232, 231
162, 272, 273, 278, 277, 227, 228, 233, 232
163, 273, 274, 279, 278, 228, 229, 234, 233
164, 274, 275, 280, 279, 229, 230, 235, 234
165, 276, 277, 282, 281, 231, 232, 237, 236
166, 277, 278, 283, 282, 232, 233, 238, 237
167, 278, 279, 284, 283, 233, 234, 239, 238
168, 279, 280, 285, 284, 234, 235, 240, 239
169, 281, 282, 287, 286, 236, 237, 242, 241
170, 282, 283, 288, 287, 237, 238, 243, 242
171, 283, 284, 289, 288, 238, 239, 244, 243
172, 284, 285, 290, 289, 239, 240, 245, 244
173, 286, 287, 292, 291, 241, 242, 247, 246
174, 287, 288, 293, 292, 242, 243, 248, 247
175, 288, 289, 294, 293, 243, 244, 249, 248
176, 289, 290, 295, 294, 244, 245, 250, 249
177, 291, 292, 297, 296, 246, 247, 252, 251
178, 292, 293, 298, 297, 247, 248, 253, 252
179, 293, 294, 299, 298, 248, 249, 254, 253
180, 294, 295, 300, 299, 249, 250, 255, 254
181, 296, 297, 302, 301, 251, 252, 257, 256
182, 297, 298, 303, 302, 252, 253, 258, 257
183, 298, 299, 304, 303, 253, 254, 259, 258
184, 299, 300, 305, 304, 254, 255, 260, 259
185, 301, 302, 307, 306, 256, 257, 262, 261
186, 302, 303, 308, 307, 257, 258, 263, 262
187, 303, 304, 309, 308, 258, 259, 264, 263
188, 304, 305, 310, 309, 259, 260, 265, 264
189, 306, 307, 312, 311, 261, 262, 267, 266
190, 307, 308, 313, 312, 262, 263, 268, 267
191, 308, 309, 314, 313, 263, 264, 269, 268
192, 309, 310, 315, 314, 264, 265, 270, 269
193, 316, 317, 322, 321, 271, 272, 277, 276
194, 317, 318, 323, 322, 272, 273, 278, 277
195, 318, 319, 324, 323, 273, 274, 279, 278
196, 319, 320, 325, 324, 274, 275, 280, 279
197, 321, 322, 327, 326, 276, 277, 282, 281
198, 322, 323, 328, 327, 277, 278, 283, 282
199, 323, 324, 329, 328, 278, 279, 284, 283
200, 324, 325, 330, 329, 279, 280, 285, 284
201, 326, 327, 332, 331, 281, 282, 287, 286
202, 327, 328, 333, 332, 282, 283, 288, 287
203, 328, 329, 334, 333, 283, 284, 289, 288
204, 329, 330, 335, 334, 284, 285, 290, 289
205, 331, 332, 337, 336, 286, 287, 292, 291
206, 332, 333, 338, 337, 287, 288, 293, 292
207, 333, 334, 339, 338, 288, 289, 294, 293
208, 334, 335, 340, 339, 289, 290, 295, 294
209, 336, 337, 342, 341, 291, 292, 297, 296
210, 337, 338, 343, 342, 292, 293, 298, 297
211, 338, 339, 344, 343, 293, 294, 299, 298
212, 339, 340, 345, 344, 294, 295, 300, 299
213, 341, 342, 347, 346, 296, 297, 302, 301
214, 342, 343, 348, 347, 297, 298, 303, 302
215, 343, 344, 349, 348, 298, 299, 304, 303
216, 344, 345, 350, 349, 299, 300, 305, 304
217, 346, 347, 352, 351, 301, 302, 307, 306
218, 347, 348, 353, 352, 302, 303, 308, 307
219, 348, 349, 354, 353, 303, 304, 309, 308
220, 349, 350, 355, 354, 304, 305, 310, 309
221, 351, 352, 357, 356, 306, 307, 312, 311
222, 352, 353, 358, 357, 307, 308, 313, 312
223, 353, 354, 359, 358, 308, 309, 314, 313
224, 354, 355, 360, 359, 309, 310, 315, 314
225, 361, 362, 367, 366, 316, 317, 322, 321
226, 362, 363, 368, 367, 317, 318, 323, 322
227, 363, 364, 369, 368, 318, 319, 324, 323
228, 364, 365, 370, 369, 319, 320, 325, 324
229, 366, 367, 372, 371, 321, 322, 327, 326
230, 367, 368, 373, 372, 322, 323, 328, 327
231, 368, 369, 374, 373, 323, 324, 329, 328
232, 369, 370, 375, 374, 324, 325, 330, 329
233, 371, 372, 377, 376, 326, 327, 332, 331
234, 372, 373, 378, 377, 327, 328, 333, 332
235, 373, 374, 379, 378, 328, 329, 334, 333
236, 374, 375, 380, 379, 329, 330, 335, 334
237, 376, 377, 382, 381, 331, 332, 337, 336
238, 377, 378, 383, 382, 332, 333, 338, 337
239, 378, 379, 384, 383, 333, 334, 339, 338
240, 379, 380, 385, 384, 334, 335, 340, 339
241, 381, 382, 387, 386, 336, 337, 342, 341
242, 382, 383, 388, 387, 337, 338, 343, 342
243, 383, 384, 389, 388, 338, 339, 344, 343
244, 384, 385, 390, 389, 339, 340, 345, 344
245, 386, 387, 392, 391, 341, 342, 347, 346
246, 387, 388, 393, 392, 342, 343, 348, 347
247, 388, 389, 394, 393, 343, 344, 349, 348
248, 389, 390, 395, 394, 344, 345, 350, 349
249, 391, 392, 397, 396, 346, 347, 352, 351
250, 392, 393, 398, 397, 347, 348, 353, 352
251, 393, 394, 399, 398, 348, 349, 354, 353
252, 394, 395, 400, 399, 349, 350, 355, 354
253, 396, 397, 402, 401, 351, 352, 357, 356
254, 397, 398, 403, 402, 352, 353, 358, 357
255, 398, 399, 404, 403, 353, 354, 359, 358
256, 399, 400, 405, 404, 354, 355, 360, 359
257, 406, 407, 412, 411, 361, 362, 367, 366
258, 407, 408, 413, 412, 362, 363, 368, 367
259, 408, 409, 414, 413, 363, 364, 369, 368
260, 409, 410, 415, 414, 364, 365, 370, 369
261, 411, 412, 417, 416, 366, 367, 372, 371
262, 412, 413, 418, 417, 367, 368, 373, 372
263, 413, 414, 419, 418, 368, 369, 374, 373
264, 414, 415, 420, 419, 369, 370, 375, 374
265, 416, 417, 422, 421, 371, 372, 377, 376
266, 417, 418, 423, 422, 372, 373, 378, 377
267, 418, 419, 424, 423, 373, 374, 379, 378
268, 419, 420, 425, 424, 374, 375, 380, 379
269, 421, 422, 427, 426, 376, 377, 382, 381
270, 422, 423, 428, 427, 377, 378, 383, 382
271, 423, 424, 429, 428, 378, 379, 384, 383
272, 424, 425, 430, 429, 379, 380, 385, 384
273, 426, 427, 432, 431, 381, 382, 387, 386
274, 427, 428, 433, 432, 382, 383, 388, 387
275, 428, 429, 434, 433, 383, 384, 389, 388
276, 429, 430, 435, 434, 384, 385, 390, 389
277, 431, 432, 437, 436, 386, 387, 392, 391
278, 432, 433, 438, 437, 387, 388, 393, 392
279, 433, 434, 439, 438, 388, 389, 394, 393
280, 434, 435, 440, 439, 389, 390, 395, 394
281, 436, 437, 442, 441, 391, 392, 397, 396
282, 437, 438, 443, 442, 392, 393, 398, 397
283, 438, 439, 444, 443, 393, 394, 399, 398
284, 439, 440, 445, 444, 394, 395, 400, 399
285, 441, 442, 447, 446, 396, 397, 402, 401
286, 442, 443, 448, 447, 397, 398, 403, 402
287, 443, 444, 449, 448, 398, 399, 404, 403
288, 444, 445, 450, 449, 399, 400, 405, 404
289, 451, 452, 457, 456, 406, 407, 412, 411
290, 452, 453, 458, 457, 407, 408, 413, 412
291, 453, 454, 459, 458, 408, 409, 414, 413
292, 454, 455, 460, 459, 409, 410, 415, 414
293, 456, 457, 462, 461, 411, 412, 417, 416
294, 457, 458, 463, 462, 412, 413, 418, 417
295, 458, 459, 464, 463, 413, 414, 419, 418
296, 459, 460, 465, 464, 414, 415, 420, 419
297, 461, 462, 467, 466, 416, 417, 422, 421
298, 462, 463, 468, 467, 417, 418, 423, 422
299, 463, 464, 469, 468, 418, 419, 424, 423
300, 464, 465, 470, 469, 419, 420, 425, 424
301, 466, 467, 472, 471, 421, 422, 427, 426
302, 467, 468, 473, 472, 422, 423, 428, 427
303, 468, 469, 474, 473, 423, 424, 429, 428
304, 469, 470, 475, 474, 424, 425, 430, 429
305, 471, 472, 477, 476, 426, 427, 432, 431
306, 472, 473, 478, 477, 427, 428, 433, 432
307, 473, 474, 479, 478, 428, 429, 434, 433
308, 474, 475, 480, 479, 429, 430, 435, 434
309, 476, 477, 482, 481, 431, 432, 437, 436
310, 477, 478, 483, 482, 432, 433, 438, 437
311, 478, 479, 484, 483, 433, 434, 439, 438
312, 479, 480, 485, 484, 434, 435, 440, 439
313, 481, 482, 487, 486, 436, 437, 442, 441
314, 482, 483, 488, 487, 437, 438, 443, 442
315, 483, 484, 489, 488, 438, 439, 444, 443
316, 484, 485, 490, 489, 439, 440, 445, 444
317, 486, 487, 492, 491, 441, 442, 447, 446
318, 487, 488, 493, 492, 442, 443, 448, 447
319, 488, 489, 494, 493, 443, 444, 449, 448
320, 489, 490, 495, 494, 444, 445, 450, 449
321, 496, 497, 502, 501, 451, 452, 457, 456
322, 497, 498, 503, 502, 452, 453, 458, 457
323, 498, 499, 504, 503, 453, 454, 459, 458
324, 499, 500, 505, 504, 454, 455, 460, 459
325, 501, 502, 507, 506, 456, 457, 462, 461
326, 502, 503, 508, 507, 457, 458, 463, 462
327, 503, 504, 509, 508, 458, 459, 464, 463
328, 504, 505, 510, 509, 459, 460, 465, 464
329, 506, 507, 512, 511, 461, 462, 467, 466
330, 507, 508, 513, 512, 462, 463, 468, 467
331, 508, 509, 514, 513, 463, 464, 469, 468
332, 509, 510, 515, 514, 464, 465, 470, 469
333, 511, 512, 517, 516, 466, 467, 472, 471
334, 512, 513, 518, 517, 467, 468, 473, 472
335, 513, 514, 519, 518, 468, 469, 474, 473
336, 514, 515, 520, 519, 469, 470, 475, 474
337, 516, 517, 522, 521, 471, 472, 477, 476
338, 517, 518, 523, 522, 472, 473, 478, 477
339, 518, 519, 524, 523, 473, 474, 479, 478
340, 519, 520, 525, 524, 474, 475, 480, 479
341, 521, 522, 527, 526, 476, 477, 482, 481
342, 522, 523, 528, 527, 477, 478, 483, 482
343, 523, 524, 529, 528, 478, 479, 484, 483
344, 524, 525, 530, 529, 479, 480, 485, 484
345, 526, 527, 532, 531, 481, 482, 487, 486
346, 527, 528, 533, 532, 482, 483, 488, 487
347, 528, 529, 534, 533, 483, 484, 489, 488
348, 529, 530, 535, 534, 484, 485, 490, 489
349, 531, 532, 537, 536, 486, 487, 492, 491
350, 532, 533, 538, 537, 487, 488, 493, 492
351, 533, 534, 539, 538, 488, 489, 494, 493
352, 534, 535, 540, 539, 489, 490, 495, 494
353, 541, 542, 547, 546, 496, 497, 502, 501
354, 542, 543, 548, 547, 497, 498, 503, 502
355, 543, 544, 549, 548, 498, 499, 504, 503
356, 544, 545, 550, 549, 499, 500, 505, 504
357, 546, 547, 552, 551, 501, 502, 507, 506
358, 547, 548, 553, 552, 502, 503, 508, 507
359, 548, 549, 554, 553, 503, 504, 509, 508
360, 549, 550, 555, 554, 504, 505, 510, 509
361, 551, 552, 557, 556, 506, 507, 512, 511
362, 552, 553, 558, 557, 507, 508, 513, 512
363, 553, 554, 559, 558, 508, 509, 514, 513
364, 554, 555, 560, 559, 509, 510, 515, 514
365, 556, 557, 562, 561, 511, 512, 517, 516
366, 557, 558, 563, 562, 512, 513, 518, 517
367, 558, 559, 564, 563, 513, 514, 519, 518
368, 559, 560, 565, 564, 514, 515, 520, 519
369, 561, 562, 567, 566, 516, 517, 522, 521
370, 562, 563, 568, 567, 517, 518, 523, 522
371, 563, 564, 569, 568, 518, 519, 524, 523
372, 564, 565, 570, 569, 519, 520, 525, 524
373, 566, 567, 572, 571, 521, 522, 527, 526
374, 567, 568, 573, 572, 522, 523, 528, 527
375, 568, 569, 574, 573, 523, 524, 529, 528
376, 569, 570, 575, 574, 524, 525, 530, 529
377, 571, 572, 577, 576, 526, 527, 532, 531
378, 572, 573, 578, 577, 527, 528, 533, 532
379, 573, 574, 579, 578, 528, 529, 534, 533
380, 574, 575, 580, 579, 529, 530, 535, 534
381, 576, 577, 582, 581, 531, 532, 537, 536
382, 577, 578, 583, 582, 532, 533, 538, 537
383, 578, 579, 584, 583, 533, 534, 539, 538
384, 579, 580, 585, 584, 534, 535, 540, 539
385, 586, 587, 592, 591, 541, 542, 547, 546
386, 587, 588, 593, 592, 542, 543, 548, 547
387, 588, 589, 594, 593, 543, 544, 549, 548
388, 589, 590, 595, 594, 544, 545, 550, 549
389, 591, 592, 597, 596, 546, 547, 552, 551
390, 592, 593, 598, 597, 547, 548, 553, 552
391, 593, 594, 599, 598, 548, 549, 554, 553
392, 594, 595, 600, 599, 549, 550, 555, 554
393, 596, 597, 602, 601, 551, 552, 557, 556
394, 597, 598, 603, 602, 552, 553, 558, 557
395, 598, 599, 604, 603, 553, 554, 559, 558
396, 599, 600, 605, 604, 554, 555, 560, 559
397, 601, 602, 607, 606, 556, 557, 562, 561
398, 602, 603, 608, 607, 557, 558, 563, 562
399, 603, 604, 609, 608, 558, 559, 564, 563
400, 604, 605, 610, 609, 559, 560, 565, 564
401, 606, 607, 612, 611, 561, 562, 567, 566
402, 607, 608, 613, 612, 562, 563, 568, 567
403, 608, 609, 614, 613, 563, 564, 569, 568
404, 609, 610, 615, 614, 564, 565, 570, 569
405, 611, 612, 617, 616, 566, 567, 572, 571
406, 612, 613, 618, 617, 567, 568, 573, 572
407, 613, 614, 619, 618, 568, 569, 574, 573
408, 614, 615, 620, 619, 569, 570, 575, 574
409, 616, 617, 622, 621, 571, 572, 577, 576
410, 617, 618, 623, 622, 572, 573, 578, 577
411, 618, 619, 624, 623, 573, 574, 579, 578
412, 619, 620, 625, 624, 574, 575, 580, 579
413, 621, 622, 627, 626, 576, 577, 582, 581
414, 622, 623, 628, 627, 577, 578, 583, 582
415, 623, 624, 629, 628, 578, 579, 584, 583
416, 624, 625, 630, 629, 579, 580, 585, 584
417, 631, 632, 637, 636, 586, 587, 592, 591
418, 632, 633, 638, 637, 587, 588, 593, 592
419, 633, 634, 639, 638, 588, 589, 594, 593
420, 634, 635, 640, 639, 589, 590, 595, 594
421, 636, 637, 642, 641, 591, 592, 597, 596
422, 637, 638, 643, 642, 592, 593, 598, 597
423, 638, 639, 644, 643, 593, 594, 599, 598
424, 639, 640, 645, 644, 594, 595, 600, 599
425, 641, 642, 647, 646, 596, 597, 602, 601
426, 642, 643, 648, 647, 597, 598, 603, 602
427, 643, 644, 649, 648, 598, 599, 604, 603
428, 644, 645, 650, 649, 599, 600, 605, 604
429, 646, 647, 652, 651, 601, 602, 607, 606
430, 647, 648, 653, 652, 602, 603, 608, 607
431, 648, 649, 654, 653, 603, 604, 609, 608
432, 649, 650, 655, 654, 604, 605, 610, 609
433, 651, 652, 657, 656, 606, 607, 612, 611
434, 652, 653, 658, 657, 607, 608, 613, 612
435, 653, 654, 659, 658, 608, 609, 614, 613
436, 654, 655, 660, 659, 609, 610, 615, 614
437, 656, 657, 662, 661, 611, 612, 617, 616
438, 657, 658, 663, 662, 612, 613, 618, 617
439, 658, 659, 664, 663, 613, 614, 619, 618
440, 659, 660, 665, 664, 614, 615, 620, 619
441, 661, 662, 667, 666, 616, 617, 622, 621
442, 662, 663, 668, 667, 617, 618, 623, 622
443, 663, 664, 669, 668, 618, 619, 624, 623
444, 664, 665, 670, 669, 619, 620, 625, 624
445, 666, 667, 672, 671, 621, 622, 627, 626
446, 667, 668, 673, 672, 622, 623, 628, 627
447, 668, 669, 674, 673, 623, 624, 629, 628
448, 669, 670, 675, 674, 624, 625, 630, 629
449, 676, 677, 682, 681, 631, 632, 637, 636
450, 677, 678, 683, 682, 632, 633, 638, 637
451, 678, 679, 684, 683, 633, 634, 639, 638
452, 679, 680, 685, 684, 634, 635, 640, 639
453, 681, 682, 687, 686, 636, 637, 642, 641
454, 682, 683, 688, 687, 637, 638, 643, 642
455, 683, 684, 689, 688, 638, 639, 644, 643
456, 684, 685, 690, 689, 639, 640, 645, 644
457, 686, 687, 692, 691, 641, 642, 647, 646
458, 687, 688, 693, 692, 642, 643, 648, 647
459, 688, 689, 694, 693, 643, 644, 649, 648
460, 689, 690, 695, 694, 644, 645, 650, 649
461, 691, 692, 697, 696, 646, 647, 652, 651
462, 692, 693, 698, 697, 647, 648, 653, 652
463, 693, 694, 699, 698, 648, 649, 654, 653
464, 694, 695, 700, 699, 649, 650, 655, 654
465, 696, 697, 702, 701, 651, 652, 657, 656
466, 697, 698, 703, 702, 652, 653, 658, 657
467, 698, 699, 704, 703, 653, 654, 659, 658
468, 699, 700, 705, 704, 654, 655, 660, 659
469, 701, 702, 707, 706, 656, 657, 662, 661
470, 702, 703, 708, 707, 657, 658, 663, 662
471, 703, 704, 709, 708, 658, 659, 664, 663
472, 704, 705, 710, 709, 659, 660, 665, 664
473, 706, 707, 712, 711, 661, 662, 667, 666
474, 707, 708, 713, 712, 662, 663, 668, 667
475, 708, 709, 714, 713, 663, 664, 669, 668
476, 709, 710, 715, 714, 664, 665, 670, 669
477, 711, 712, 717, 716, 666, 667, 672, 671
478, 712, 713, 718, 717, 667, 668, 673, 672
479, 713, 714, 719, 718, 668, 669, 674, 673
480, 714, 715, 720, 719, 669, 670, 675, 674
481, 721, 722, 727, 726, 676, 677, 682, 681
482, 722, 723, 728, 727, 677, 678, 683, 682
483, 723, 724, 729, 728, 678, 679, 684, 683
484, 724, 725, 730, 729, 679, 680, 685, 684
485, 726, 727, 732, 731, 681, 682, 687, 686
486, 727, 728, 733, 732, 682, 683, 688, 687
487, 728, 729, 734, 733, 683, 684, 689, 688
488, 729, 730, 735, 734, 684, 685, 690, 689
489, 731, 732, 737, 736, 686, 687, 692, 691
490, 732, 733, 738, 737, 687, 688, 693, 692
491, 733, 734, 739, 738, 688, 689, 694, 693
492, 734, 735, 740, 739, 689, 690, 695, 694
493, 736, 737, 742, 741, 691, 692, 697, 696
494, 737, 738, 743, 742, 692, 693, 698, 697
495, 738, 739, 744, 743, 693, 694, 699, 698
496, 739, 740, 745, 744, 694, 695, 700, 699
497, 741, 742, 747, 746, 696, 697, 702, 701
498, 742, 743, 748, 747, 697, 698, 703, 702
499, 743, 744, 749, 748, 698, 699, 704, 703
500, 744, 745, 750, 749, 699, 700, 705, 704
501, 746, 747, 752, 751, 701, 702, 707, 706
502, 747, 748, 753, 752, 702, 703, 708, 707
503, 748, 749, 754, 753, 703, 704, 709, 708
504, 749, 750, 755, 754, 704, 705, 710, 709
505, 751, 752, 757, 756, 706, 707, 712, 711
506, 752, 753, 758, 757, 707, 708, 713, 712
507, 753, 754, 759, 758, 708, 709, 714, 713
508, 754, 755, 760, 759, 709, 710, 715, 714
509, 756, 757, 762, 761, 711, 712, 717, 716
510, 757, 758, 763, 762, 712, 713, 718, 717
511, 758, 759, 764, 763, 713, 714, 719, 718
512, 759, 760, 765, 764, 714, 715, 720, 719
513, 766, 767, 772, 771, 721, 722, 727, 726
514, 767, 768, 773, 772, 722, 723, 728, 727
515, 768, 769, 774, 773, 723, 724, 729, 728
516, 769, 770, 775, 774, 724, 725, 730, 729
517, 771, 772, 777, 776, 726, 727, 732, 731
518, 772, 773, 778, 777, 727, 728, 733, 732
519, 773, 774, 779, 778, 728, 729, 734, 733
520, 774, 775, 780, 779, 729, 730, 735, 734
521, 776, 777, 782, 781, 731, 732, 737, 736
522, 777, 778, 783, 782, 732, 733, 738, 737
523, 778, 779, 784, 783, 733, 734, 739, 738
524, 779, 780, 785, 784, 734, 735, 740, 739
525, 781, 782, 787, 786, 736, 737, 742, 741
526, 782, 783, 788, 787, 737, 738, 743, 742
527, 783, 784, 789, 788, 738, 739, 744, 743
528, 784, 785, 790, 789, 739, 740, 745, 744
529, 786, 787, 792, 791, 741, 742, 747, 746
530, 787, 788, 793, 792, 742, 743, 748, 747
531, 788, 789, 794, 793, 743, 744, 749, 748
532, 789, 790, 795, 794, 744, 745, 750, 749
533, 791, 792, 797, 796, 746, 747, 752, 751
534, 792, 793, 798, 797, 747, 748, 753, 752
535, 793, 794, 799, 798, 748, 749, 754, 753
536, 794, 795, 800, 799, 749, 750, 755, 754
537, 796, 797, 802, 801, 751, 752, 757, 756
538, 797, 798, 803, 802, 752, 753, 758, 757
539, 798, 799, 804, 803, 753, 754, 759, 758
540, 799, 800, 805, 804, 754, 755, 760, 759
541, 801, 802, 807, 806, 756, 757, 762, 761
542, 802, 803, 808, 807, 757, 758, 763, 762
543, 803, 804, 809, 808, 758, 759, 764, 763
544, 804, 805, 810, 809, 759, 760, 765, 764
545, 811, 812, 817, 816, 766, 767, 772, 771
546, 812, 813, 818, 817, 767, 768, 773, 772
547, 813, 814, 819, 818, 768, 769, 774, 773
548, 814, 815, 820, 819, 769, 770, 775, 774
549, 816, 817, 822, 821, 771, 772, 777, 776
550, 817, 818, 823, 822, 772, 773, 778, 777
551, 818, 819, 824, 823, 773, 774, 779, 778
552, 819, 820, 825, 824, 774, 775, 780, 779
553, 821, 822, 827, 826, 776, 777, 782, 781
554, 822, 823, 828, 827, 777, 778, 783, 782
555, 823, 824, 829, 828, 778, 779, 784, 783
556, 824, 825, 830, 829, 779, 780, 785, 784
557, 826, 827, 832, 831, 781, 782, 787, 786
558, 827, 828, 833, 832, 782, 783, 788, 787
559, 828, 829, 834, 833, 783, 784, 789, 788
560, 829, 830, 835, 834, 784, 785, 790, 789
561, 831, 832, 837, 836, 786, 787, 792, 791
562, 832, 833, 838, 837, 787, 788, 793, 792
563, 833, 834, 839, 838, 788, 789, 794, 793
564, 834, 835, 840, 839, 789, 790, 795, 794
565, 836, 837, 842, 841, 791, 792, 797, 796
566, 837, 838, 843, 842, 792, 793, 798, 797
567, 838, 839, 844, 843, 793, 794, 799, 798
568, 839, 840, 845, 844, 794, 795, 800, 799
569, 841, 842, 847, 846, 796, 797, 802, 801
570, 842, 843, 848, 847, 797, 798, 803, 802
571, 843, 844, 849, 848, 798, 799, 804, 803
572, 844, 845, 850, 849, 799, 800, 805, 804
573, 846, 847, 852, 851, 801, 802, 807, 806
574, 847, 848, 853, 852, 802, 803, 808, 807
575, 848, 849, 854, 853, 803, 804, 809, 808
576, 849, 850, 855, 854, 804, 805, 810, 809
577, 856, 857, 862, 861, 811, 812, 817, 816
578, 857, 858, 863, 862, 812, 813, 818, 817
579, 858, 859, 864, 863, 813, 814, 819, 818
580, 859, 860, 865, 864, 814, 815, 820, 819
581, 861, 862, 867, 866, 816, 817, 822, 821
582, 862, 863, 868, 867, 817, 818, 823, 822
583, 863, 864, 869, 868, 818, 819, 824, 823
584, 864, 865, 870, 869, 819, 820, 825, 824
585, 866, 867, 872, 871, 821, 822, 827, 826
586, 867, 868, 873, 872, 822, 823, 828, 827
587, 868, 869, 874, 873, 823, 824, 829, 828
588, 869, 870, 875, 874, 824, 825, 830, 829
589, 871, 872, 877, 876, 826, 827, 832, 831
590, 872, 873, 878, 877, 827, 828, 833, 832
591, 873, 874, 879, 878, 828, 829, 834, 833
592, 874, 875, 880, 879, 829, 830, 835, 834
593, 876, 877, 882, 881, 831, 832, 837, 836
594, 877, 878, 883, 882, 832, 833, 838, 837
595, 878, 879, 884, 883, 833, 834, 839, 838
596, 879, 880, 885, 884, 834, 835, 840, 839
597, 881, 882, 887, 886, 836, 837, 842, 841
598, 882, 883, 888, 887, 837, 838, 843, 842
599, 883, 884, 889, 888, 838, 839, 844, 843
600, 884, 885, 890, 889, 839, 840, 845, 844
601, 886, 887, 892, 891, 841, 842, 847, 846
602, 887, 888, 893, 892, 842, 843, 848, 847
603, 888, 889, 894, 893, 843, 844, 849, 848
604, 889, 890, 895, 894, 844, 845, 850, 849
605, 891, 892, 897, 896, 846, 847, 852, 851
606, 892, 893, 898, 897, 847, 848, 853, 852
607, 893, 894, 899, 898, 848, 849, 854, 853
608, 894, 895, 900, 899, 849, 850, 855, 854
609, 901, 902, 907, 906, 856, 857, 862, 861
610, 902, 903, 908, 907, 857, 858, 863, 862
611, 903, 904, 909, 908, 858, 859, 864, 863
612, 904, 905, 910, 909, 859, 860, 865, 864
613, 906, 907, 912, 911, 861, 862, 867, 866
614, 907, 908, 913, 912, 862, 863, 868, 867
615, 908, 909, 914, 913, 863, 864, 869, 868
616, 909, 910, 915, 914, 864, 865, 870, 869
617, 911, 912, 917, 916, 866, 867, 872, 871
618, 912, 913, 918, 917, 867, 868, 873, 872
619, 913, 914, 919, 918, 868, 869, 874, 873
620, 914, 915, 920, 919, 869, 870, 875, 874
621, 916, 917, 922, 921, 871, 872, 877, 876
622, 917, 918, 923, 922, 872, 873, 878, 877
623, 918, 919, 924, 923, 873, 874, 879, 878
624, 919, 920, 925, 924, 874, 875, 880, 879
625, 921, 922, 927, 926, 876, 877, 882, 881
626, 922, 923, 928, 927, 877, 878, 883, 882
627, 923, 924, 929, 928, 878, 879, 884, 883
628, 924, 925, 930, 929, 879, 880, 885, 884
629, 926, 927, 932, 931, 881, 882, 887, 886
630, 927, 928, 933, 932, 882, 883, 888, 887
631, 928, 929, 934, 933, 883, 884, 889, 888
632, 929, 930, 935, 934, 884, 885, 890, 889
633, 931, 932, 937, 936, 886, 887, 892, 891
634, 932, 933, 938, 937, 887, 888, 893, 892
635, 933, 934, 939, 938, 888, 889, 894, 893
636, 934, 935, 940, 939, 889, 890, 895, 894
637, 936, 937, 942, 941, 891, 892, 897, 896
638, 937, 938, 943, 942, 892, 893, 898, 897
639, 938, 939, 944, 943, 893, 894, 899, 898
640, 939, 940, 945, 944, 894, 895, 900, 899